0 0 0 0 0 0 0 0 0 0 0 0 0 0 0 0 0 0 0 0 0 0 0 0 0 41 136 107 103 115 131 65 183 160 102 155 140 27 28 28 30 30 38 38 25 25 127 127 51 51 55 55 27 27 29 29 29 29 17 17 17 17 0 0 0 0 0 0 0 0
0 0 0 0 0 0 0 0 0 0 0 0 0 0 0 0 0 0 0 0 0 0 0 0 0 0 0 0 0 0 0 0 0 0 0 0 0 0 0 0 0 0 0 0 0 0 0 0 0 0 0 0 45 45 163 163 163 163 53 53 53 53 0 0 0 0 64 64 64 64
0 0 0 0 0 0 0 0 0 0 0 0 0 0 0 0 0 0 0 0 0 0 1 0 0 36 133 60 65 114 183 203 195 128 128 96 53 54 38 38 29 29 21 21 3 3 0 0 0 0 0 0 0 0 0 0 0 0 0 0 0 0 0 0 0 0 0 0 0 0
48 48 50 50 54 54 44 43 57 62 66 55 54 52 58 54 58 55 82 130 78 64 78 53 67 58 57 64 71 76 72 58 71 84 75 57 67 71 76 76 65 65 59 59 77 77 101 101 113 113 90 90 112 112 136 136 136 136 122 122 122 122 107 107 107 107 86 86 86 86
50 50 61 61 83 83 0 0 0 0 0 0 0 0 0 0 0 0 0 0 0 0 0 0 0 0 0 0 0 0 0 0 12 10 44 60 50 46 25 25 61 61 83 83 63 63 81 81 91 91 134 134 133 133 129 129 129 129 127 127 127 127 117 117 117 117 86 86 86 86
0 0 0 0 0 0 0 0 0 0 0 0 0 0 0 0 0 0 0 0 0 0 0 11 159 120 25 0 0 0 0 0 0 0 0 0 0 0 0 0 0 0 0 0 0 0 0 0 0 0 0 0 0 0 0 0 0 0 0 0 0 0 0 0 0 0 0 0 0 0
0 0 0 0 0 0 0 0 0 0 0 0 0 0 0 0 0 0 0 0 0 0 0 0 0 0 0 0 0 52 0 0 0 40 52 31 15 0 0 0 0 0 18 18 47 47 84 84 110 110 123 123 139 139 124 124 124 124 69 69 69 69 51 51 51 51 19 19 19 19
3 3 0 0 2 2 25 14 29 120 34 21 62 18 17 40 62 19 54 58 136 109 116 60 33 21 36 92 187 116 79 25 34 17 31 35 19 12 8 8 12 12 23 23 16 16 13 13 12 12 28 28 8 8 20 20 20 20 19 19 19 19 0 0 0 0 0 0 0 0
0 0 0 0 0 0 0 0 0 0 0 0 0 0 0 0 0 0 0 0 0 0 0 0 134 40 7 0 0 0 0 0 0 0 0 0 0 0 0 0 0 0 0 0 0 0 0 0 0 0 0 0 0 0 0 0 0 0 0 0 0 0 0 0 0 0 0 0 0 0
0 0 0 0 0 0 0 0 0 0 0 0 10 0 0 0 0 0 0 0 0 0 31 118 134 171 184 37 22 53 3 0 8 0 0 0 0 0 0 0 0 0 0 0 0 0 0 0 0 0 0 0 0 0 0 0 0 0 25 25 25 25 39 39 39 39 37 37 37 37
3 3 26 26 21 21 6 1 13 15 21 13 19 5 8 0 7 0 8 5 14 10 9 15 52 70 89 72 94 109 151 132 118 124 92 88 69 51 50 50 28 28 24 24 17 17 13 13 3 3 1 1 1 1 3 3 3 3 6 6 6 6 0 0 0 0 0 0 0 0
0 0 0 0 0 0 0 0 0 0 0 0 0 0 0 0 0 0 0 0 7 23 11 46 76 104 120 145 110 91 91 46 21 20 6 3 16 28 12 12 20 20 9 9 0 0 10 10 3 3 6 6 0 0 0 0 0 0 0 0 0 0 0 0 0 0 0 0 0 0
0 0 0 0 0 0 0 0 0 0 0 0 0 0 0 0 36 0 0 35 42 39 46 6 21 42 191 77 37 2 122 100 24 5 24 33 0 0 21 21 0 0 25 25 0 0 2 2 0 0 0 0 0 0 0 0 0 0 0 0 0 0 0 0 0 0 0 0 0 0
89 89 95 95 93 93 117 101 128 129 138 140 128 133 125 126 106 78 77 69 80 77 99 86 80 76 85 80 83 126 106 78 66 67 50 57 61 51 55 55 47 47 50 50 51 51 48 48 35 35 41 41 42 42 49 49 49 49 49 49 49 49 35 35 35 35 27 27 27 27
48 48 46 46 32 32 39 53 68 77 103 60 91 65 94 51 86 89 100 90 73 54 61 45 76 67 93 93 68 77 113 112 75 51 63 51 59 66 77 77 85 85 140 140 105 105 118 118 86 86 60 60 69 69 67 67 67 67 54 54 54 54 40 40 40 40 33 33 33 33
0 0 0 0 0 0 0 0 0 0 0 0 0 0 0 0 18 45 50 21 6 0 0 24 29 35 17 0 10 26 51 33 41 73 145 51 71 104 105 105 86 86 60 60 56 56 60 60 25 25 10 10 23 23 14 14 14 14 10 10 10 10 0 0 0 0 0 0 0 0
0 0 0 0 0 0 0 0 0 0 0 0 0 0 0 0 0 0 0 0 0 0 0 0 0 0 0 0 0 0 0 0 0 0 0 0 0 0 94 94 137 137 0 0 147 147 169 169 146 146 169 169 198 198 124 124 124 124 19 19 19 19 0 0 0 0 0 0 0 0
0 0 0 0 0 0 0 0 0 0 0 0 0 0 0 0 0 0 0 0 0 0 23 89 151 150 119 74 0 0 0 0 0 0 0 0 0 0 0 0 0 0 0 0 0 0 0 0 0 0 0 0 0 0 0 0 0 0 0 0 0 0 0 0 0 0 0 0 0 0
0 0 0 0 0 0 0 0 0 0 0 0 23 0 0 0 0 0 21 169 96 108 110 77 57 12 14 0 33 0 3 0 0 0 3 0 42 0 8 8 0 0 0 0 0 0 0 0 0 0 0 0 0 0 0 0 0 0 0 0 0 0 0 0 0 0 0 0 0 0
0 0 0 0 0 0 0 0 0 0 0 0 0 32 74 1 0 0 0 0 12 19 133 27 2 0 103 148 83 29 56 2 2 14 57 149 123 154 107 107 2 2 16 16 32 32 9 9 0 0 0 0 0 0 0 0 0 0 0 0 0 0 0 0 0 0 0 0 0 0
0 0 0 0 0 0 0 0 0 0 0 0 0 0 0 0 0 0 0 0 0 0 159 18 0 0 0 0 0 0 0 0 0 0 0 0 0 0 0 0 0 0 0 0 0 0 0 0 0 0 0 0 0 0 0 0 0 0 0 0 0 0 0 0 0 0 0 0 0 0
0 0 0 0 0 0 0 0 0 0 0 0 0 0 0 0 0 0 0 0 0 0 0 0 0 0 0 0 0 0 41 157 12 0 0 0 0 0 0 0 0 0 0 0 0 0 0 0 0 0 0 0 0 0 0 0 0 0 0 0 0 0 0 0 0 0 0 0 0 0
0 0 0 0 0 0 0 0 5 8 9 10 18 21 21 32 40 33 57 75 80 74 94 98 131 142 135 88 105 121 149 139 101 140 132 148 117 101 120 120 123 123 99 99 87 87 48 48 32 32 33 33 33 33 34 34 34 34 23 23 23 23 9 9 9 9 5 5 5 5
146 146 103 103 53 53 18 9 0 0 0 0 0 0 0 0 26 0 0 0 0 0 0 0 0 0 0 0 0 0 0 0 0 0 0 0 0 0 0 0 0 0 0 0 0 0 0 0 0 0 0 0 0 0 0 0 0 0 0 0 0 0 0 0 0 0 6 6 6 6
113 113 0 0 0 0 35 80 18 0 0 0 0 0 67 0 26 0 0 0 0 0 0 0 0 0 0 13 124 48 0 0 0 0 0 54 77 8 5 5 31 31 23 23 41 41 32 32 76 76 109 109 169 169 78 78 78 78 88 88 88 88 116 116 116 116 0 0 0 0
9 9 25 25 30 30 42 37 47 41 47 40 54 55 79 80 117 93 95 123 136 166 140 127 89 108 105 103 108 159 190 131 132 155 144 94 110 102 86 86 97 97 109 109 100 100 77 77 83 83 66 66 51 51 56 56 56 56 49 49 49 49 19 19 19 19 32 32 32 32
29 29 50 50 96 96 107 126 136 87 80 80 75 101 71 48 54 68 67 44 42 59 65 67 104 99 129 142 108 113 142 95 145 112 111 113 99 49 59 59 78 78 57 57 42 42 14 14 11 11 18 18 11 11 10 10 10 10 18 18 18 18 90 90 90 90 57 57 57 57
0 0 0 0 0 0 0 0 0 13 61 36 0 0 0 1 18 0 10 13 48 61 82 77 132 65 31 44 36 1 0 0 0 0 2 1 13 17 9 9 2 2 0 0 0 0 0 0 0 0 0 0 0 0 0 0 0 0 0 0 0 0 0 0 0 0 0 0 0 0
0 0 0 0 0 0 160 173 159 54 85 76 129 65 35 12 17 22 26 41 31 43 12 9 0 0 0 0 0 0 0 0 0 0 0 0 0 0 0 0 0 0 0 0 0 0 0 0 0 0 0 0 0 0 0 0 0 0 0 0 0 0 0 0 0 0 0 0 0 0
0 0 0 0 0 0 0 0 0 0 0 0 0 0 0 0 0 0 0 0 0 0 0 0 0 0 0 0 0 3 62 164 77 6 0 0 0 0 0 0 0 0 0 0 0 0 0 0 0 0 0 0 0 0 0 0 0 0 0 0 0 0 0 0 0 0 0 0 0 0
0 0 98 98 0 0 0 0 93 48 15 4 120 7 16 185 13 0 0 0 0 0 0 0 0 0 0 0 0 0 0 0 0 0 0 0 0 0 0 0 0 0 0 0 0 0 0 0 0 0 0 0 0 0 0 0 0 0 0 0 0 0 0 0 0 0 0 0 0 0
101 101 106 106 58 58 69 79 74 69 67 65 60 60 66 52 66 42 52 40 33 43 38 40 59 48 46 50 47 49 62 68 65 57 48 32 34 34 36 36 43 43 71 71 89 89 109 109 78 78 67 67 58 58 59 59 59 59 47 47 47 47 32 32 32 32 21 21 21 21
0 0 0 0 0 0 0 0 0 0 0 0 0 0 0 0 0 0 0 0 0 0 9 102 152 154 173 177 163 164 157 132 150 149 153 152 150 151 153 153 153 153 150 150 140 140 150 150 132 132 145 145 137 137 141 141 141 141 139 139 139 139 122 122 122 122 122 122 122 122
55 55 58 58 53 53 60 51 58 50 61 62 59 57 65 56 58 60 63 64 69 56 69 93 102 139 126 97 98 106 131 122 133 132 123 77 94 92 88 88 90 90 90 90 91 91 80 80 95 95 101 101 93 93 99 99 99 99 91 91 91 91 98 98 98 98 93 93 93 93
0 0 0 0 0 0 0 0 0 0 0 0 0 0 0 0 0 16 29 126 182 32 21 0 0 0 24 22 0 0 0 0 0 0 0 0 0 0 0 0 0 0 0 0 0 0 0 0 0 0 0 0 0 0 0 0 0 0 0 0 0 0 0 0 0 0 0 0 0 0
0 0 0 0 0 0 0 0 0 0 0 0 0 0 0 0 0 0 0 0 0 0 0 0 25 71 98 101 81 79 62 88 88 91 143 175 169 176 199 199 191 191 178 178 165 165 178 178 173 173 176 176 165 165 172 172 172 172 183 183 183 183 166 166 166 166 144 144 144 144
0 0 0 0 0 0 0 0 0 0 0 0 0 0 2 0 4 8 2 4 10 123 80 51 130 32 28 55 69 68 34 20 25 36 37 54 67 138 123 123 91 91 47 47 35 35 36 36 47 47 72 72 51 51 49 49 49 49 32 32 32 32 20 20 20 20 20 20 20 20
0 0 0 0 27 27 21 19 125 106 156 140 169 123 166 84 114 79 124 47 46 42 64 0 35 23 37 3 13 1 22 0 0 0 3 4 14 0 0 0 0 0 1 1 0 0 0 0 0 0 0 0 32 32 103 103 103 103 130 130 130 130 0 0 0 0 0 0 0 0
0 0 0 0 0 0 0 0 0 0 0 0 0 0 0 0 0 0 0 0 0 0 0 0 0 0 0 0 0 0 0 0 0 125 187 1 0 0 0 0 0 0 0 0 0 0 0 0 0 0 0 0 0 0 0 0 0 0 0 0 0 0 0 0 0 0 0 0 0 0
0 0 7 7 1 1 3 0 7 8 2 0 38 67 57 40 19 10 31 67 50 85 74 54 11 17 35 15 24 34 16 30 4 0 0 0 0 0 12 12 34 34 40 40 34 34 45 45 75 75 105 105 107 107 120 120 120 120 32 32 32 32 54 54 54 54 142 142 142 142
45 45 64 64 70 70 121 162 147 106 107 98 123 132 124 140 105 64 53 44 75 54 43 33 28 18 21 24 42 9 0 0 0 0 0 0 0 0 0 0 0 0 0 0 0 0 0 0 0 0 0 0 0 0 0 0 0 0 0 0 0 0 0 0 0 0 0 0 0 0
0 0 0 0 0 0 0 0 2 13 27 40 23 16 50 31 80 47 26 36 21 35 68 22 42 95 132 88 38 38 94 83 106 66 72 25 19 6 0 0 0 0 0 0 0 0 0 0 19 19 0 0 16 16 0 0 0 0 0 0 0 0 0 0 0 0 0 0 0 0
14 14 24 24 26 26 29 17 28 22 16 19 31 35 28 25 25 29 38 47 79 110 165 142 122 125 144 161 166 145 170 131 122 138 132 104 121 89 90 90 44 44 42 42 34 34 32 32 32 32 18 18 17 17 17 17 17 17 29 29 29 29 33 33 33 33 37 37 37 37
0 0 0 0 0 0 0 0 0 0 0 0 17 64 85 91 112 77 55 124 96 120 144 146 133 105 95 50 90 66 109 48 66 61 53 67 37 34 40 40 18 18 16 16 43 43 6 6 7 7 21 21 46 46 30 30 30 30 8 8 8 8 0 0 0 0 0 0 0 0
0 0 0 0 0 0 0 0 0 0 0 0 0 0 0 0 0 0 0 0 0 0 0 0 0 15 50 0 7 0 0 0 0 0 16 48 70 114 132 132 77 77 18 18 0 0 0 0 0 0 0 0 0 0 0 0 0 0 0 0 0 0 0 0 0 0 0 0 0 0
0 0 0 0 0 0 0 0 0 0 0 0 0 0 0 0 0 0 0 51 85 60 97 104 81 74 92 141 162 113 107 64 78 0 0 0 0 0 0 0 0 0 0 0 0 0 0 0 0 0 0 0 0 0 0 0 0 0 0 0 0 0 0 0 0 0 0 0 0 0
0 0 0 0 0 0 0 0 0 0 0 0 0 0 0 0 0 0 0 0 0 0 175 125 0 0 0 0 0 0 0 0 0 0 0 0 0 0 0 0 0 0 0 0 0 0 0 0 0 0 0 0 0 0 0 0 0 0 0 0 0 0 0 0 0 0 0 0 0 0
12 12 23 23 2 2 6 0 28 62 31 23 16 30 51 55 27 26 68 27 50 34 35 47 56 39 82 35 31 31 30 21 29 17 25 29 21 44 39 39 7 7 12 12 43 43 35 35 15 15 7 7 54 54 132 132 132 132 119 119 119 119 46 46 46 46 81 81 81 81
0 0 0 0 0 0 3 0 16 25 29 32 49 56 77 86 92 58 52 124 81 60 55 68 94 71 146 154 113 75 53 39 26 21 28 20 23 34 8 8 2 2 5 5 8 8 0 0 0 0 0 0 0 0 0 0 0 0 9 9 9 9 0 0 0 0 0 0 0 0
12 12 11 11 20 20 18 19 21 11 22 27 19 7 39 16 31 29 23 33 20 28 32 18 38 38 41 59 49 46 51 53 63 63 89 156 114 111 123 123 108 108 155 155 90 90 93 93 44 44 50 50 51 51 51 51 51 51 54 54 54 54 42 42 42 42 28 28 28 28
0 0 0 0 0 0 0 0 0 0 0 0 0 0 0 0 0 0 0 0 0 0 0 23 168 61 42 16 47 12 7 0 0 0 0 0 0 0 0 0 0 0 0 0 0 0 0 0 0 0 0 0 0 0 0 0 0 0 0 0 0 0 0 0 0 0 0 0 0 0
0 0 0 0 0 0 0 124 64 21 0 0 0 0 0 0 0 0 0 0 178 123 129 4 0 0 0 0 0 0 21 33 62 21 0 3 0 0 0 0 37 37 0 0 0 0 2 2 0 0 0 0 0 0 0 0 0 0 0 0 0 0 0 0 0 0 0 0 0 0
4 4 45 45 63 63 34 43 48 24 40 59 125 147 166 70 69 14 11 9 12 10 16 22 20 23 33 16 41 81 93 95 119 88 105 32 33 28 8 8 19 19 35 35 27 27 36 36 58 58 58 58 39 39 67 67 67 67 77 77 77 77 69 69 69 69 54 54 54 54
0 0 0 0 0 0 0 0 0 0 9 8 52 55 100 68 172 168 152 132 134 118 89 81 64 48 31 34 0 16 4 0 0 0 0 0 8 22 33 33 5 5 0 0 22 22 9 9 0 0 0 0 0 0 0 0 0 0 6 6 6 6 0 0 0 0 0 0 0 0
0 0 0 0 0 0 0 0 0 0 0 0 0 0 0 0 0 0 0 0 0 0 0 0 0 0 0 14 9 32 33 6 33 0 0 0 0 0 0 0 0 0 0 0 0 0 0 0 0 0 0 0 0 0 58 58 58 58 44 44 44 44 1 1 1 1 35 35 35 35
9 9 9 9 11 11 9 4 15 16 16 14 15 26 30 19 30 17 27 20 21 41 64 112 172 150 144 144 126 98 84 86 107 84 119 82 99 92 59 59 61 61 66 66 57 57 52 52 74 74 68 68 31 31 30 30 30 30 35 35 35 35 25 25 25 25 34 34 34 34
0 0 0 0 0 0 0 0 23 52 81 134 154 123 101 92 105 93 115 72 39 11 27 24 21 23 15 1 3 0 4 0 0 0 0 19 20 0 5 5 0 0 0 0 0 0 0 0 0 0 0 0 0 0 0 0 0 0 0 0 0 0 0 0 0 0 0 0 0 0
30 30 16 16 28 28 31 19 24 32 37 19 31 110 52 12 16 61 31 89 83 67 102 34 38 25 33 54 59 46 67 44 33 49 130 48 95 87 56 56 46 46 60 60 84 84 67 67 77 77 88 88 76 76 68 68 68 68 96 96 96 96 70 70 70 70 56 56 56 56
0 0 0 0 0 0 0 0 0 0 0 0 0 0 0 13 67 113 164 114 96 63 38 43 14 0 0 0 0 0 0 0 0 0 0 0 22 0 12 12 33 33 30 30 15 15 0 0 0 0 0 0 0 0 0 0 0 0 0 0 0 0 0 0 0 0 0 0 0 0
0 0 0 0 0 0 0 0 0 0 0 0 0 0 0 0 0 0 0 0 0 0 0 20 200 151 119 18 0 0 0 0 0 0 0 0 0 0 0 0 0 0 0 0 0 0 0 0 0 0 0 0 0 0 0 0 0 0 0 0 0 0 0 0 0 0 0 0 0 0
0 0 0 0 0 0 0 0 0 0 0 0 0 0 0 0 0 0 0 0 0 0 110 0 0 140 87 0 5 24 0 0 0 0 0 0 0 0 0 0 0 0 0 0 0 0 0 0 0 0 0 0 0 0 0 0 0 0 0 0 0 0 0 0 0 0 0 0 0 0
0 0 0 0 0 0 0 0 0 0 0 0 0 0 0 0 0 0 0 0 0 0 0 0 10 13 0 0 0 13 100 143 110 117 70 16 7 0 0 0 0 0 0 0 0 0 0 0 0 0 0 0 0 0 0 0 0 0 0 0 0 0 0 0 0 0 0 0 0 0
0 0 0 0 0 0 0 0 0 0 0 0 0 89 197 80 193 140 178 164 149 174 131 77 70 62 75 53 43 47 37 19 68 66 29 3 15 36 48 48 29 29 53 53 16 16 9 9 1 1 0 0 0 0 0 0 0 0 0 0 0 0 0 0 0 0 0 0 0 0
0 0 0 0 0 0 0 0 0 0 0 0 0 0 0 0 0 0 0 0 0 0 34 107 139 166 149 148 159 168 150 161 168 159 148 139 138 144 141 141 145 145 146 146 148 148 130 130 136 136 128 128 128 128 123 123 123 123 148 148 148 148 121 121 121 121 115 115 115 115
0 0 0 0 0 0 0 0 0 0 0 0 0 0 0 0 0 0 0 0 0 0 0 47 0 0 135 21 14 0 0 0 0 0 0 0 0 0 0 0 0 0 0 0 0 0 0 0 0 0 0 0 0 0 0 0 0 0 0 0 0 0 0 0 0 0 0 0 0 0
0 0 0 0 0 0 0 0 0 0 0 0 0 0 0 0 0 0 8 53 74 105 173 150 143 112 149 121 174 183 147 66 84 43 7 11 0 0 0 0 0 0 14 14 14 14 11 11 25 25 0 0 0 0 0 0 0 0 0 0 0 0 0 0 0 0 0 0 0 0
0 0 0 0 0 0 0 0 0 0 0 0 0 0 0 0 0 0 0 0 0 0 0 0 0 0 0 0 0 0 51 195 145 60 29 0 0 0 0 0 0 0 0 0 0 0 0 0 0 0 0 0 0 0 0 0 0 0 0 0 0 0 0 0 0 0 0 0 0 0
0 0 0 0 0 0 0 0 0 0 0 0 0 0 0 0 0 0 0 0 0 0 0 0 0 0 0 0 0 0 160 157 4 0 0 0 0 0 0 0 0 0 0 0 0 0 0 0 0 0 0 0 0 0 0 0 0 0 0 0 0 0 0 0 0 0 0 0 0 0
0 0 0 0 0 0 0 0 0 0 0 0 0 0 0 0 0 0 0 0 0 0 0 0 52 59 148 25 52 14 24 15 0 0 0 0 0 0 0 0 0 0 0 0 0 0 0 0 0 0 0 0 0 0 0 0 0 0 0 0 0 0 0 0 0 0 0 0 0 0
0 0 0 0 0 0 0 0 0 0 0 0 0 0 0 0 0 0 0 0 0 0 127 177 154 87 84 46 37 44 15 0 6 0 0 0 0 0 0 0 0 0 0 0 0 0 0 0 0 0 0 0 0 0 0 0 0 0 0 0 0 0 0 0 0 0 0 0 0 0
0 0 0 0 0 0 0 0 0 0 0 0 0 0 0 0 0 0 0 0 0 0 0 0 0 0 0 0 0 0 154 85 0 0 0 0 0 0 0 0 0 0 0 0 0 0 0 0 0 0 0 0 0 0 0 0 0 0 0 0 0 0 0 0 0 0 0 0 0 0
0 0 0 0 0 0 0 0 0 0 0 0 0 0 0 0 0 0 0 0 0 34 78 130 99 91 82 43 0 0 0 0 0 0 0 0 0 0 0 0 0 0 0 0 0 0 0 0 0 0 0 0 0 0 0 0 0 0 0 0 0 0 0 0 0 0 0 0 0 0
0 0 0 0 0 0 0 0 0 0 0 0 0 0 0 0 0 0 0 0 0 0 0 0 0 0 31 33 41 44 53 75 132 80 53 40 13 12 0 0 0 0 0 0 0 0 0 0 0 0 0 0 0 0 0 0 0 0 0 0 0 0 0 0 0 0 0 0 0 0
0 0 0 0 0 0 0 0 0 0 0 0 0 0 0 0 0 0 0 0 0 0 10 39 131 22 0 0 0 0 0 0 0 0 0 0 0 0 0 0 0 0 0 0 0 0 0 0 0 0 0 0 0 0 0 0 0 0 0 0 0 0 0 0 0 0 0 0 0 0
0 0 0 0 0 0 0 0 0 0 0 0 0 0 0 0 0 0 0 0 0 0 0 0 0 0 0 0 0 0 0 143 43 19 0 0 0 0 0 0 0 0 0 0 0 0 0 0 0 0 0 0 0 0 0 0 0 0 0 0 0 0 0 0 0 0 0 0 0 0
7 7 24 24 28 28 47 53 36 41 58 74 143 120 83 53 46 85 72 50 50 27 34 12 39 26 13 7 0 1 0 0 14 4 3 1 15 28 50 50 39 39 24 24 44 44 133 133 101 101 126 126 180 180 147 147 147 147 110 110 110 110 52 52 52 52 21 21 21 21
0 0 0 0 0 0 0 0 0 0 0 0 0 0 0 0 0 0 0 0 0 0 2 103 152 84 70 24 28 0 12 0 0 0 0 0 0 0 0 0 0 0 0 0 0 0 0 0 0 0 0 0 0 0 0 0 0 0 0 0 0 0 0 0 0 0 0 0 0 0
0 0 0 0 0 0 0 0 0 0 0 0 0 0 0 0 0 0 0 0 0 0 0 0 0 0 0 0 0 7 147 161 0 0 0 0 0 0 0 0 0 0 0 0 0 0 0 0 0 0 0 0 0 0 0 0 0 0 0 0 0 0 0 0 0 0 0 0 0 0
0 0 0 0 0 0 0 0 0 0 0 0 0 0 0 0 0 0 0 0 28 149 144 55 176 92 47 23 9 16 8 0 2 0 0 0 0 0 0 0 11 11 0 0 0 0 0 0 0 0 0 0 0 0 39 39 39 39 0 0 0 0 0 0 0 0 0 0 0 0
0 0 0 0 0 0 0 0 0 0 0 0 0 0 0 0 0 0 23 114 173 166 196 151 185 200 188 129 124 93 36 11 15 2 0 0 0 0 0 0 0 0 0 0 0 0 0 0 0 0 0 0 0 0 0 0 0 0 0 0 0 0 0 0 0 0 0 0 0 0
88 88 95 95 144 144 143 105 126 138 100 59 110 56 79 29 43 50 32 42 43 40 64 42 36 39 62 65 69 32 46 30 39 23 17 34 41 29 29 29 35 35 31 31 57 57 28 28 24 24 37 37 45 45 58 58 58 58 56 56 56 56 56 56 56 56 40 40 40 40
0 0 0 0 0 0 0 0 0 0 6 0 0 0 0 0 0 0 0 0 0 0 0 0 132 41 35 0 54 19 8 0 0 0 0 0 0 12 0 0 0 0 0 0 0 0 0 0 0 0 0 0 0 0 0 0 0 0 0 0 0 0 0 0 0 0 0 0 0 0
0 0 0 0 0 0 0 0 0 0 0 0 0 0 0 0 0 0 0 0 79 136 168 122 174 143 95 37 98 19 21 0 0 0 0 0 0 0 0 0 0 0 0 0 0 0 0 0 0 0 0 0 0 0 0 0 0 0 0 0 0 0 0 0 0 0 0 0 0 0
0 0 0 0 0 0 0 0 0 0 3 3 0 0 0 24 73 40 10 28 27 33 101 119 61 88 62 146 107 132 129 94 117 107 74 111 132 76 102 102 87 87 61 61 34 34 21 21 20 20 10 10 0 0 0 0 0 0 0 0 0 0 0 0 0 0 0 0 0 0
0 0 0 0 0 0 0 0 0 0 0 0 0 0 0 0 0 0 0 0 0 0 0 0 0 0 0 0 0 0 4 133 50 34 31 25 2 0 0 0 0 0 0 0 0 0 0 0 0 0 0 0 0 0 0 0 0 0 0 0 0 0 0 0 0 0 0 0 0 0
18 18 13 13 11 11 15 11 12 13 9 13 14 12 13 4 12 9 11 11 14 22 54 49 104 119 161 130 149 156 187 82 160 156 128 82 116 51 45 45 34 34 37 37 48 48 45 45 38 38 29 29 14 14 16 16 16 16 32 32 32 32 43 43 43 43 33 33 33 33
0 0 0 0 0 0 0 0 0 0 0 0 0 0 0 0 0 0 0 0 0 0 109 63 17 5 0 2 3 18 32 10 11 0 0 0 0 0 0 0 0 0 0 0 0 0 0 0 0 0 44 44 131 131 98 98 98 98 14 14 14 14 2 2 2 2 0 0 0 0
0 0 0 0 0 0 0 0 0 0 0 0 4 5 7 5 23 11 16 21 23 42 33 27 58 71 101 149 179 159 137 145 145 151 181 129 115 103 72 72 86 86 85 85 111 111 145 145 123 123 112 112 87 87 98 98 98 98 73 73 73 73 56 56 56 56 28 28 28 28
0 0 0 0 0 0 0 0 0 0 0 0 0 0 0 0 0 5 24 65 59 85 66 34 69 164 55 44 52 50 9 0 0 0 0 0 0 0 0 0 0 0 0 0 0 0 0 0 0 0 0 0 0 0 0 0 0 0 0 0 0 0 0 0 0 0 0 0 0 0
0 0 0 0 0 0 0 0 5 138 164 140 178 0 0 0 0 30 111 55 127 41 46 1 0 0 0 0 0 1 0 0 0 0 0 0 0 0 0 0 0 0 0 0 0 0 0 0 0 0 0 0 0 0 0 0 0 0 0 0 0 0 0 0 0 0 0 0 0 0
0 0 0 0 0 0 0 0 0 0 0 0 0 0 0 0 0 0 0 0 0 0 22 0 9 0 5 41 85 41 50 9 17 72 89 130 52 160 177 177 78 78 47 47 136 136 56 56 7 7 2 2 39 39 6 6 6 6 18 18 18 18 13 13 13 13 7 7 7 7
0 0 0 0 0 0 0 0 0 0 0 0 0 0 0 0 0 0 0 0 0 0 0 2 84 101 98 23 9 0 0 0 0 0 0 0 5 0 0 0 0 0 0 0 0 0 0 0 0 0 0 0 0 0 21 21 21 21 25 25 25 25 31 31 31 31 21 21 21 21
68 68 84 84 69 69 74 62 81 81 71 62 84 80 96 90 104 113 124 118 129 124 132 118 127 128 141 148 137 110 94 91 119 103 128 122 128 135 142 142 130 130 154 154 148 148 159 159 144 144 150 150 161 161 161 161 161 161 144 144 144 144 157 157 157 157 138 138 138 138
22 22 28 28 19 19 1 0 3 0 0 0 0 0 0 0 0 0 0 0 0 0 0 0 0 0 0 0 0 0 0 0 0 0 0 0 0 0 0 0 0 0 0 0 0 0 57 57 104 104 148 148 162 162 203 203 203 203 77 77 77 77 73 73 73 73 55 55 55 55
77 77 83 83 83 83 72 71 91 76 81 75 84 73 89 84 91 90 96 101 124 112 122 118 143 134 123 140 141 126 132 140 152 144 141 130 145 121 126 126 116 116 142 142 168 168 154 154 159 159 170 170 159 159 168 168 168 168 165 165 165 165 168 168 168 168 149 149 149 149
0 0 0 0 0 0 0 0 0 0 0 0 0 0 0 0 0 0 0 0 0 0 0 0 0 0 0 0 0 0 0 0 20 68 64 138 144 130 120 120 99 99 75 75 38 38 11 11 2 2 0 0 0 0 0 0 0 0 0 0 0 0 0 0 0 0 0 0 0 0
86 86 100 100 108 108 112 99 100 107 95 100 120 89 97 93 101 105 91 62 70 84 86 65 56 83 85 65 70 75 73 73 69 62 104 110 78 71 135 135 100 100 91 91 104 104 98 98 59 59 41 41 62 62 50 50 50 50 38 38 38 38 37 37 37 37 23 23 23 23
0 0 0 0 0 0 0 0 30 0 32 1 20 0 62 0 51 39 75 194 35 61 17 43 30 2 4 24 0 45 0 39 0 0 29 22 0 0 0 0 0 0 4 4 0 0 0 0 0 0 0 0 0 0 12 12 12 12 23 23 23 23 0 0 0 0 0 0 0 0
0 0 0 0 0 0 0 0 0 0 0 0 0 0 0 0 0 0 0 0 0 0 0 110 160 0 95 85 6 0 0 0 0 0 0 0 0 0 0 0 0 0 0 0 0 0 0 0 0 0 0 0 0 0 0 0 0 0 0 0 0 0 0 0 0 0 0 0 0 0
0 0 0 0 0 0 0 0 0 0 0 0 0 0 0 0 0 0 0 0 0 0 0 0 0 0 31 33 7 73 180 161 75 86 71 68 33 0 0 0 0 0 0 0 0 0 0 0 0 0 0 0 0 0 0 0 0 0 0 0 0 0 0 0 0 0 0 0 0 0
0 0 0 0 0 0 0 0 0 0 0 0 0 0 0 0 0 0 0 0 0 0 101 144 157 153 145 161 150 146 149 154 132 147 146 163 143 131 150 150 128 128 131 131 137 137 129 129 120 120 113 113 148 148 128 128 128 128 118 118 118 118 107 107 107 107 105 105 105 105
0 0 0 0 0 0 0 0 0 0 0 0 0 0 0 0 0 0 0 0 0 0 0 0 0 83 114 81 103 64 85 186 54 0 0 0 0 0 0 0 0 0 0 0 0 0 0 0 0 0 0 0 0 0 0 0 0 0 0 0 0 0 0 0 0 0 0 0 0 0
0 0 2 2 0 0 4 0 7 1 0 4 5 2 6 3 8 6 5 6 9 3 20 22 47 55 70 90 162 174 129 110 124 84 82 87 62 63 44 44 66 66 36 36 20 20 19 19 13 13 10 10 10 10 10 10 10 10 15 15 15 15 2 2 2 2 0 0 0 0
7 7 11 11 12 12 13 18 18 17 15 12 16 14 15 10 22 16 25 29 28 17 26 18 27 30 39 73 76 71 69 59 77 90 80 68 92 64 79 79 59 59 88 88 80 80 74 74 65 65 96 96 109 109 138 138 138 138 128 128 128 128 117 117 117 117 129 129 129 129
0 0 0 0 0 0 0 0 0 0 0 0 0 0 0 0 0 0 0 0 0 0 0 0 148 33 0 0 0 69 93 56 0 0 24 45 0 0 0 0 0 0 0 0 0 0 0 0 0 0 0 0 0 0 0 0 0 0 0 0 0 0 0 0 0 0 0 0 0 0
0 0 0 0 0 0 0 0 0 0 0 0 0 0 0 0 0 0 0 0 0 0 0 27 17 26 112 115 175 108 88 1 36 17 5 0 0 14 26 26 1 1 0 0 0 0 0 0 0 0 0 0 0 0 0 0 0 0 0 0 0 0 0 0 0 0 0 0 0 0
0 0 0 0 0 0 0 0 0 0 0 0 0 0 0 0 0 0 0 0 0 0 69 141 20 0 0 0 0 0 0 0 0 0 0 0 0 0 0 0 0 0 0 0 0 0 0 0 0 0 0 0 0 0 0 0 0 0 0 0 0 0 0 0 0 0 0 0 0 0
0 0 7 7 0 0 0 0 0 0 0 0 0 0 0 0 0 0 0 0 0 30 164 36 16 44 43 0 0 0 0 0 0 0 0 0 0 0 0 0 0 0 0 0 0 0 0 0 0 0 0 0 0 0 0 0 0 0 0 0 0 0 0 0 0 0 0 0 0 0
0 0 2 2 8 8 3 27 14 37 15 47 42 111 40 37 80 43 138 104 59 78 95 52 72 77 128 126 119 28 31 127 108 57 106 115 120 91 125 125 52 52 78 78 68 68 76 76 60 60 38 38 88 88 62 62 62 62 79 79 79 79 48 48 48 48 43 43 43 43
0 0 0 0 0 0 0 0 0 0 0 0 0 0 0 0 0 0 0 0 0 0 18 86 147 144 188 172 150 137 182 161 169 159 151 138 172 160 148 148 140 140 149 149 142 142 134 134 139 139 129 129 140 140 152 152 152 152 130 130 130 130 124 124 124 124 96 96 96 96
2 2 2 2 9 9 10 0 2 12 6 30 38 36 27 35 56 57 65 80 76 70 76 93 72 74 85 97 127 143 108 120 156 143 132 154 151 157 133 133 141 141 143 143 161 161 130 130 120 120 124 124 129 129 106 106 106 106 56 56 56 56 30 30 30 30 13 13 13 13
0 0 0 0 0 0 0 0 0 0 0 0 0 0 0 0 0 0 0 0 0 0 0 0 0 0 0 0 0 17 96 151 113 2 0 0 0 0 0 0 0 0 0 0 0 0 0 0 0 0 0 0 0 0 0 0 0 0 0 0 0 0 0 0 0 0 0 0 0 0
0 0 0 0 0 0 0 0 0 0 0 0 0 0 0 0 0 0 0 18 6 34 83 153 141 115 39 24 0 0 0 1 0 0 0 0 0 0 0 0 0 0 0 0 0 0 0 0 0 0 0 0 0 0 0 0 0 0 0 0 0 0 0 0 0 0 0 0 0 0
0 0 0 0 0 0 0 0 0 0 0 0 0 0 0 0 107 177 88 56 131 134 63 19 30 1 2 0 0 0 0 0 0 0 0 0 0 0 0 0 0 0 0 0 0 0 0 0 0 0 0 0 0 0 0 0 0 0 0 0 0 0 0 0 0 0 0 0 0 0
40 40 65 65 77 77 125 134 139 153 178 178 198 161 140 116 112 88 105 104 115 106 103 105 90 77 60 42 47 37 41 41 32 28 22 36 35 24 22 22 20 20 17 17 13 13 13 13 9 9 10 10 5 5 9 9 9 9 16 16 16 16 22 22 22 22 12 12 12 12
0 0 0 0 0 0 0 0 0 0 0 0 0 0 0 0 0 0 0 0 0 0 0 69 153 38 6 0 0 10 0 0 0 0 0 0 0 0 0 0 0 0 0 0 0 0 0 0 0 0 0 0 0 0 0 0 0 0 0 0 0 0 0 0 0 0 0 0 0 0
0 0 0 0 0 0 0 0 0 0 0 0 0 0 0 0 0 0 0 0 0 0 0 0 0 0 0 0 0 0 117 195 20 0 0 0 0 0 0 0 0 0 0 0 0 0 0 0 0 0 0 0 0 0 0 0 0 0 0 0 0 0 0 0 0 0 0 0 0 0
0 0 0 0 0 0 0 0 17 21 3 37 44 45 63 123 124 180 154 124 51 50 57 43 75 30 24 10 69 76 100 129 95 57 75 76 110 162 128 128 105 105 66 66 74 74 77 77 91 91 52 52 38 38 54 54 54 54 66 66 66 66 52 52 52 52 38 38 38 38
0 0 0 0 0 0 0 0 0 0 0 0 0 0 0 0 0 0 0 0 0 0 160 23 0 0 0 0 0 0 0 0 0 0 0 0 0 0 0 0 0 0 0 0 0 0 0 0 0 0 0 0 0 0 0 0 0 0 0 0 0 0 0 0 0 0 0 0 0 0
0 0 0 0 0 0 0 0 0 0 0 0 0 0 0 0 0 0 0 0 0 0 0 0 0 0 4 0 24 194 28 32 37 27 31 0 0 0 0 0 0 0 0 0 0 0 0 0 0 0 0 0 0 0 0 0 0 0 0 0 0 0 0 0 0 0 0 0 0 0
10 10 21 21 28 28 26 10 20 29 22 2 18 16 16 18 22 16 24 24 23 25 49 33 53 43 110 62 86 204 137 131 111 141 157 127 102 113 97 97 84 84 126 126 145 145 114 114 92 92 58 58 70 70 63 63 63 63 84 84 84 84 75 75 75 75 45 45 45 45
0 0 0 0 0 0 0 0 0 0 0 0 0 0 0 0 0 0 0 0 0 0 0 9 58 45 128 140 94 78 72 0 0 34 72 11 8 0 0 0 3 3 4 4 2 2 5 5 0 0 0 0 0 0 0 0 0 0 0 0 0 0 0 0 0 0 0 0 0 0
0 0 0 0 0 0 0 0 0 0 0 0 0 0 0 0 0 0 0 11 0 14 0 70 61 155 179 34 11 10 0 0 0 0 0 0 0 0 50 50 45 45 3 3 46 46 59 59 0 0 0 0 0 0 7 7 7 7 0 0 0 0 0 0 0 0 0 0 0 0
0 0 0 0 0 0 0 0 0 0 0 0 0 0 0 0 0 0 0 0 0 0 0 0 0 126 159 48 13 34 20 17 0 0 0 0 0 3 0 0 0 0 0 0 0 0 0 0 0 0 0 0 0 0 0 0 0 0 0 0 0 0 0 0 0 0 0 0 0 0
60 60 72 72 73 73 62 55 62 57 66 52 74 59 62 55 55 60 54 52 59 72 81 69 83 103 93 103 103 132 122 109 110 94 111 130 117 124 129 129 116 116 121 121 123 123 125 125 114 114 105 105 92 92 105 105 105 105 152 152 152 152 140 140 140 140 124 124 124 124
0 0 0 0 0 0 0 0 0 0 0 0 0 0 1 0 0 0 0 0 0 62 72 63 134 121 109 95 66 59 73 48 61 48 23 11 13 0 0 0 0 0 0 0 0 0 0 0 0 0 0 0 0 0 0 0 0 0 0 0 0 0 0 0 0 0 0 0 0 0
0 0 0 0 0 0 0 0 0 0 0 0 0 0 0 0 0 0 0 44 116 144 139 39 62 38 49 8 20 0 12 0 10 0 7 0 0 0 0 0 0 0 0 0 0 0 0 0 0 0 0 0 0 0 11 11 11 11 19 19 19 19 0 0 0 0 0 0 0 0
99 99 99 99 97 97 113 97 106 98 100 102 100 102 107 82 91 85 105 91 89 100 87 107 109 89 114 111 131 84 97 96 93 81 71 89 100 103 110 110 114 114 116 116 85 85 75 75 80 80 74 74 83 83 90 90 90 90 74 74 74 74 76 76 76 76 65 65 65 65
0 0 0 0 0 0 0 0 0 0 0 0 0 0 0 0 0 0 0 0 0 0 21 81 170 153 169 193 171 163 169 142 169 177 157 161 141 140 139 139 147 147 144 144 142 142 143 143 149 149 130 130 144 144 147 147 147 147 147 147 147 147 129 129 129 129 124 124 124 124
74 74 75 75 69 69 70 43 72 110 81 98 98 98 100 105 147 101 130 161 121 109 114 100 102 87 104 122 88 112 98 91 97 118 117 108 143 103 81 81 83 83 67 67 79 79 67 67 58 58 42 42 52 52 34 34 34 34 54 54 54 54 30 30 30 30 26 26 26 26
0 0 0 0 0 0 0 0 0 0 0 0 0 0 0 0 0 0 0 0 0 0 0 0 138 8 0 0 0 0 0 0 0 0 0 0 0 0 0 0 0 0 0 0 0 0 0 0 0 0 0 0 0 0 0 0 0 0 0 0 0 0 0 0 0 0 0 0 0 0
0 0 0 0 0 0 0 0 0 7 0 6 6 0 0 0 0 0 0 0 0 9 13 55 99 119 162 88 67 60 134 155 158 125 159 101 139 118 122 122 86 86 53 53 42 42 26 26 14 14 14 14 29 29 37 37 37 37 55 55 55 55 13 13 13 13 0 0 0 0
0 0 0 0 0 0 0 0 0 0 0 0 0 24 90 125 167 130 110 51 36 10 0 0 0 0 0 0 0 0 0 0 0 0 0 0 0 0 0 0 0 0 0 0 0 0 0 0 0 0 0 0 0 0 0 0 0 0 0 0 0 0 0 0 0 0 0 0 0 0
0 0 0 0 0 0 0 0 0 0 0 0 0 0 0 0 0 0 0 0 0 29 83 145 101 119 64 35 35 41 13 14 19 27 4 16 8 5 0 0 0 0 0 0 0 0 0 0 0 0 0 0 0 0 0 0 0 0 0 0 0 0 0 0 0 0 0 0 0 0
0 0 0 0 0 0 0 0 0 0 0 0 0 0 0 0 0 0 0 0 0 0 0 0 0 0 0 0 0 0 131 130 29 0 0 0 0 0 0 0 0 0 0 0 0 0 0 0 0 0 0 0 0 0 0 0 0 0 0 0 0 0 0 0 0 0 0 0 0 0
0 0 0 0 0 0 0 0 0 0 0 0 0 0 0 0 0 0 0 0 0 0 0 0 0 0 0 0 0 1 132 17 0 0 0 0 0 0 0 0 0 0 0 0 0 0 0 0 0 0 0 0 0 0 0 0 0 0 0 0 0 0 0 0 0 0 0 0 0 0
0 0 0 0 0 0 0 0 0 0 0 0 0 0 0 0 0 0 0 0 0 0 0 28 99 135 80 25 27 0 0 2 0 0 11 0 0 0 0 0 0 0 0 0 0 0 0 0 29 29 52 52 59 59 74 74 74 74 35 35 35 35 16 16 16 16 0 0 0 0
10 10 0 0 0 0 16 33 0 0 31 92 46 0 0 0 11 9 1 22 16 69 87 17 33 40 34 8 17 25 49 12 29 12 44 33 85 26 39 39 26 26 53 53 100 100 131 131 39 39 37 37 64 64 85 85 85 85 90 90 90 90 82 82 82 82 44 44 44 44
0 0 0 0 0 0 0 0 0 0 0 0 0 0 0 0 0 0 0 0 0 0 121 202 0 0 0 0 0 0 0 0 0 0 0 0 0 0 0 0 0 0 0 0 0 0 0 0 0 0 0 0 0 0 0 0 0 0 0 0 0 0 0 0 0 0 0 0 0 0
0 0 0 0 0 0 0 0 0 0 0 0 0 0 0 0 0 0 0 0 0 0 0 0 0 0 0 0 0 0 92 165 82 12 0 0 0 0 0 0 0 0 0 0 0 0 0 0 0 0 0 0 0 0 0 0 0 0 0 0 0 0 0 0 0 0 0 0 0 0
0 0 0 0 0 0 0 0 0 0 0 0 0 0 0 0 0 0 0 0 0 0 0 0 0 0 0 0 0 0 0 0 0 0 48 173 111 1 0 0 0 0 0 0 0 0 0 0 0 0 0 0 0 0 0 0 0 0 0 0 0 0 0 0 0 0 0 0 0 0
0 0 0 0 0 0 0 0 0 0 0 0 0 0 0 0 0 0 0 0 0 0 0 0 0 0 0 0 0 0 0 0 133 110 22 115 85 0 0 0 0 0 27 27 11 11 0 0 0 0 0 0 0 0 0 0 0 0 0 0 0 0 0 0 0 0 0 0 0 0
0 0 0 0 0 0 0 0 0 0 0 0 0 0 0 0 0 0 0 0 0 0 0 0 0 0 129 156 108 42 33 48 0 0 0 0 0 0 0 0 0 0 0 0 0 0 0 0 0 0 0 0 0 0 0 0 0 0 0 0 0 0 0 0 0 0 0 0 0 0
0 0 0 0 0 0 0 0 0 0 4 0 36 0 0 7 0 13 26 6 12 6 36 7 26 30 45 77 32 23 46 40 82 126 149 191 133 140 129 129 129 129 112 112 111 111 98 98 90 90 70 70 82 82 91 91 91 91 80 80 80 80 99 99 99 99 59 59 59 59
19 19 17 17 19 19 25 25 34 28 32 39 43 42 44 42 52 53 59 76 106 151 93 65 78 57 68 105 59 63 72 54 91 79 123 87 132 124 87 87 83 83 76 76 73 73 80 80 77 77 67 67 66 66 96 96 96 96 83 83 83 83 74 74 74 74 81 81 81 81
0 0 0 0 0 0 0 0 0 0 0 0 0 0 27 109 161 52 38 15 8 34 45 53 77 52 45 0 2 48 0 4 5 0 0 0 12 0 0 0 0 0 0 0 0 0 0 0 0 0 0 0 0 0 0 0 0 0 0 0 0 0 0 0 0 0 0 0 0 0
22 22 26 26 24 24 30 33 38 37 36 38 60 57 65 54 54 83 121 70 77 68 79 111 90 91 84 91 188 121 78 90 134 125 133 117 86 91 99 99 70 70 117 117 122 122 92 92 71 71 75 75 111 111 118 118 118 118 77 77 77 77 89 89 89 89 50 50 50 50
45 45 36 36 42 42 45 32 49 53 45 54 59 46 43 40 59 57 52 51 52 60 75 61 79 72 81 83 80 102 94 103 135 94 102 95 119 105 118 118 113 113 122 122 117 117 109 109 104 104 116 116 112 112 107 107 107 107 93 93 93 93 83 83 83 83 86 86 86 86
0 0 0 0 0 0 0 0 0 0 0 0 0 0 0 0 0 0 0 0 0 0 62 125 58 49 61 115 197 107 83 60 45 51 38 21 13 0 0 0 0 0 0 0 3 3 0 0 0 0 0 0 5 5 8 8 8 8 8 8 8 8 0 0 0 0 0 0 0 0
0 0 0 0 0 0 0 0 0 0 0 0 0 0 0 0 0 0 0 0 0 0 0 0 0 0 0 0 0 0 48 82 46 0 0 0 0 148 68 68 32 32 0 0 0 0 0 0 0 0 0 0 0 0 63 63 63 63 77 77 77 77 71 71 71 71 10 10 10 10
0 0 0 0 0 0 0 0 0 12 10 0 1 21 0 4 0 0 0 4 18 0 9 7 70 70 70 13 67 45 14 0 10 11 1 12 20 0 0 0 0 0 0 0 0 0 0 0 0 0 0 0 0 0 0 0 0 0 0 0 0 0 0 0 0 0 0 0 0 0
0 0 0 0 0 0 0 0 0 0 0 0 0 0 0 0 0 0 0 0 0 0 0 0 0 0 0 0 0 0 109 189 57 0 0 0 0 0 0 0 0 0 0 0 0 0 0 0 0 0 0 0 0 0 0 0 0 0 0 0 0 0 0 0 0 0 0 0 0 0
46 46 38 38 32 32 24 16 13 4 3 0 0 0 21 35 2 0 0 2 17 20 44 107 56 72 69 47 92 105 70 100 85 53 58 36 51 40 71 71 78 78 58 58 77 77 137 137 147 147 111 111 121 121 134 134 134 134 109 109 109 109 59 59 59 59 48 48 48 48
0 0 0 0 0 0 0 0 0 0 0 0 0 0 0 0 0 0 0 0 0 0 0 0 6 0 0 72 123 198 181 126 101 46 25 0 0 0 0 0 0 0 0 0 0 0 0 0 0 0 0 0 0 0 0 0 0 0 0 0 0 0 0 0 0 0 0 0 0 0
0 0 0 0 4 4 13 15 14 25 46 43 46 67 104 109 95 37 54 85 92 83 63 62 64 65 132 90 90 91 48 40 24 9 9 9 31 32 23 23 23 23 10 10 0 0 12 12 11 11 8 8 18 18 11 11 11 11 5 5 5 5 0 0 0 0 0 0 0 0
0 0 0 0 0 0 0 0 0 0 0 0 0 0 0 49 118 143 113 90 70 13 2 0 0 0 0 3 0 0 0 39 46 70 75 29 17 7 1 1 0 0 0 0 0 0 0 0 0 0 0 0 0 0 0 0 0 0 0 0 0 0 0 0 0 0 0 0 0 0
0 0 0 0 0 0 0 0 0 0 0 0 0 0 0 0 0 0 0 97 165 107 23 0 0 0 0 0 0 0 0 0 0 0 0 0 0 0 0 0 0 0 0 0 0 0 0 0 0 0 0 0 0 0 0 0 0 0 0 0 0 0 0 0 0 0 0 0 0 0
0 0 0 0 0 0 0 0 0 0 0 0 0 0 6 17 87 99 130 127 137 143 139 137 151 120 124 121 125 143 143 119 124 123 115 127 124 117 118 118 105 105 101 101 105 105 117 117 108 108 110 110 116 116 116 116 116 116 115 115 115 115 90 90 90 90 89 89 89 89
0 0 0 0 0 0 0 0 0 0 0 0 0 0 0 0 0 0 0 58 154 178 122 124 83 90 67 51 30 0 0 0 0 0 0 0 0 0 0 0 0 0 0 0 0 0 0 0 0 0 0 0 0 0 0 0 0 0 0 0 0 0 0 0 0 0 0 0 0 0
0 0 0 0 0 0 0 0 0 0 0 0 0 0 0 0 0 0 27 10 0 3 113 109 118 116 196 125 90 89 37 28 49 0 37 0 0 0 0 0 0 0 0 0 0 0 0 0 0 0 0 0 0 0 0 0 0 0 0 0 0 0 0 0 0 0 0 0 0 0
0 0 0 0 0 0 0 0 0 0 0 0 0 0 0 0 0 0 0 0 0 31 80 114 80 17 7 0 0 0 6 0 5 6 2 0 0 0 88 88 161 161 25 25 10 10 6 6 3 3 8 8 0 0 0 0 0 0 0 0 0 0 0 0 0 0 0 0 0 0
40 40 24 24 42 42 29 35 15 12 38 66 18 12 52 41 50 26 35 30 48 35 67 71 57 156 120 150 105 53 127 94 95 116 146 37 31 30 74 74 51 51 76 76 22 22 14 14 10 10 0 0 5 5 11 11 11 11 6 6 6 6 0 0 0 0 0 0 0 0
168 168 175 175 158 158 156 119 152 96 121 120 107 108 107 126 161 129 134 117 154 182 177 168 176 102 126 113 99 94 105 121 136 107 145 156 133 68 63 63 63 63 71 71 64 64 66 66 79 79 67 67 69 69 67 67 67 67 53 53 53 53 68 68 68 68 85 85 85 85
0 0 0 0 0 0 0 0 0 0 0 0 0 0 0 0 0 0 0 0 0 0 7 0 0 0 2 2 11 10 80 86 142 46 47 79 36 24 0 0 4 4 8 8 20 20 14 14 7 7 19 19 5 5 0 0 0 0 0 0 0 0 0 0 0 0 0 0 0 0
0 0 0 0 0 0 0 3 12 0 0 0 0 0 0 0 0 0 0 0 0 1 0 0 22 0 0 5 0 0 0 0 0 0 0 0 18 43 191 191 37 37 23 23 0 0 0 0 0 0 10 10 15 15 0 0 0 0 0 0 0 0 0 0 0 0 3 3 3 3
0 0 0 0 0 0 0 0 0 0 0 0 0 0 0 0 0 0 0 0 0 0 154 91 79 14 0 0 0 0 0 0 0 0 0 0 0 0 0 0 0 0 0 0 0 0 0 0 0 0 0 0 0 0 0 0 0 0 0 0 0 0 0 0 0 0 0 0 0 0
19 19 6 6 9 9 11 0 11 8 9 11 10 4 5 3 13 15 12 14 8 10 18 56 73 175 120 132 64 44 38 35 29 30 66 72 82 80 75 75 129 129 105 105 66 66 74 74 46 46 39 39 31 31 39 39 39 39 41 41 41 41 25 25 25 25 16 16 16 16
0 0 0 0 0 0 0 0 0 0 0 0 0 0 0 0 0 0 0 0 0 0 90 133 0 0 0 0 0 0 0 0 0 0 0 0 0 0 0 0 0 0 0 0 0 0 0 0 0 0 0 0 0 0 0 0 0 0 0 0 0 0 0 0 0 0 0 0 0 0
0 0 0 0 0 0 0 0 0 0 0 0 0 0 0 0 0 0 0 71 141 76 76 78 0 0 0 0 0 0 0 0 0 0 0 0 0 0 0 0 0 0 0 0 0 0 0 0 0 0 0 0 0 0 0 0 0 0 0 0 0 0 0 0 0 0 0 0 0 0
0 0 0 0 0 0 0 0 0 0 0 0 0 0 0 0 0 11 143 84 104 158 97 133 73 89 90 44 37 16 20 10 4 3 2 0 0 0 0 0 10 10 5 5 6 6 3 3 0 0 0 0 0 0 0 0 0 0 0 0 0 0 0 0 0 0 0 0 0 0
121 121 128 128 125 125 117 119 125 123 146 133 134 130 135 128 143 131 132 127 146 136 145 121 145 112 140 145 138 159 151 131 155 161 193 191 184 171 174 174 189 189 179 179 186 186 171 171 162 162 151 151 144 144 163 163 163 163 157 157 157 157 165 165 165 165 132 132 132 132
0 0 0 0 0 0 0 0 0 0 0 0 0 0 0 0 0 0 0 0 0 0 0 0 0 3 0 0 0 0 0 201 60 0 0 0 0 0 0 0 0 0 0 0 0 0 0 0 0 0 0 0 0 0 0 0 0 0 0 0 0 0 0 0 0 0 0 0 0 0
0 0 0 0 0 0 0 0 0 0 0 0 0 0 0 0 0 0 0 0 0 0 0 0 151 91 0 48 72 0 0 0 0 0 0 0 0 0 0 0 0 0 0 0 0 0 0 0 0 0 12 12 50 50 47 47 47 47 57 57 57 57 34 34 34 34 30 30 30 30
0 0 0 0 0 0 0 0 0 0 0 0 0 0 0 0 0 0 0 0 0 6 3 0 0 0 0 0 0 0 0 0 0 0 0 0 12 114 132 132 73 73 0 0 7 7 0 0 5 5 18 18 0 0 0 0 0 0 0 0 0 0 0 0 0 0 0 0 0 0
0 0 0 0 0 0 0 0 0 0 0 0 0 0 0 0 0 0 0 0 0 0 43 139 175 191 159 161 166 166 164 169 159 170 163 146 167 151 177 177 151 151 147 147 135 135 147 147 133 133 121 121 135 135 144 144 144 144 128 128 128 128 128 128 128 128 111 111 111 111
0 0 0 0 0 0 0 0 0 0 0 0 0 0 0 0 0 0 0 0 0 0 0 0 0 0 0 10 130 152 147 55 28 0 0 0 0 0 0 0 0 0 0 0 0 0 0 0 0 0 0 0 0 0 0 0 0 0 0 0 0 0 0 0 0 0 0 0 0 0
0 0 15 15 11 11 0 16 19 25 14 15 31 67 66 80 122 125 135 101 56 46 26 20 16 17 42 25 9 42 5 0 16 21 41 67 68 60 43 43 57 57 42 42 13 13 0 0 0 0 0 0 4 4 5 5 5 5 12 12 12 12 0 0 0 0 0 0 0 0
0 0 0 0 0 0 0 0 0 0 0 0 0 0 0 0 0 0 0 0 0 147 27 0 0 0 0 0 0 0 0 0 0 0 0 0 0 0 0 0 0 0 0 0 0 0 0 0 0 0 0 0 0 0 0 0 0 0 0 0 0 0 0 0 0 0 0 0 0 0
0 0 0 0 0 0 0 0 0 0 0 0 0 0 0 0 0 0 0 0 0 0 0 0 0 0 0 0 0 0 1 131 0 40 24 0 0 0 0 0 0 0 0 0 0 0 0 0 0 0 0 0 0 0 0 0 0 0 0 0 0 0 0 0 0 0 0 0 0 0
0 0 0 0 0 0 0 0 0 0 17 0 0 0 0 108 9 4 2 0 0 0 159 0 3 0 0 0 2 0 0 0 0 0 0 0 0 0 0 0 0 0 0 0 0 0 0 0 0 0 0 0 0 0 0 0 0 0 0 0 0 0 0 0 0 0 0 0 0 0
0 0 0 0 0 0 0 0 0 0 0 0 0 0 0 0 0 0 0 0 0 21 144 161 151 154 200 184 52 28 71 95 188 91 112 80 52 36 17 17 10 10 2 2 0 0 0 0 40 40 54 54 94 94 52 52 52 52 38 38 38 38 21 21 21 21 0 0 0 0
13 13 6 6 8 8 25 41 25 39 51 66 78 65 63 45 72 45 48 81 69 92 82 122 69 82 82 81 72 104 91 66 99 87 91 62 76 98 115 115 76 76 67 67 60 60 43 43 26 26 13 13 16 16 34 34 34 34 17 17 17 17 18 18 18 18 20 20 20 20
103 103 110 110 102 102 59 32 48 40 51 43 46 61 54 77 71 19 32 9 36 7 39 32 48 32 35 28 34 9 23 0 26 0 10 0 11 25 25 25 40 40 79 79 87 87 72 72 89 89 91 91 109 109 146 146 146 146 39 39 39 39 59 59 59 59 0 0 0 0
0 0 0 0 0 0 0 0 0 0 0 0 0 0 0 0 0 58 126 143 175 203 129 32 43 27 49 21 10 45 169 193 190 132 49 27 22 16 50 50 31 31 2 2 0 0 0 0 0 0 0 0 0 0 0 0 0 0 0 0 0 0 0 0 0 0 0 0 0 0
0 0 0 0 0 0 0 0 0 0 0 0 0 0 0 0 0 0 0 0 0 0 0 0 0 0 0 0 0 0 0 157 0 0 0 0 0 0 0 0 0 0 0 0 0 0 0 0 0 0 0 0 0 0 0 0 0 0 0 0 0 0 0 0 0 0 0 0 0 0
0 0 0 0 0 0 0 0 0 0 0 0 0 0 0 0 0 0 0 0 0 0 0 0 0 0 0 0 0 0 24 125 161 34 0 0 0 0 0 0 0 0 0 0 0 0 0 0 0 0 0 0 0 0 0 0 0 0 0 0 0 0 0 0 0 0 0 0 0 0
0 0 0 0 0 0 0 0 0 0 0 0 0 0 0 0 0 0 0 0 0 0 0 0 0 0 0 0 0 0 56 135 21 0 0 0 0 0 0 0 0 0 0 0 0 0 0 0 0 0 0 0 0 0 0 0 0 0 0 0 0 0 0 0 0 0 0 0 0 0
0 0 0 0 0 0 0 0 0 0 0 0 0 0 0 0 0 0 0 0 0 0 0 0 0 0 7 60 198 192 154 179 200 93 42 45 83 50 50 50 79 79 58 58 120 120 158 158 123 123 73 73 53 53 46 46 46 46 32 32 32 32 0 0 0 0 0 0 0 0
0 0 0 0 0 0 20 10 17 6 9 3 3 0 12 0 0 0 1 21 28 42 116 105 148 77 55 31 55 16 37 2 23 27 30 53 71 59 12 12 8 8 0 0 0 0 0 0 0 0 0 0 0 0 0 0 0 0 0 0 0 0 0 0 0 0 0 0 0 0
0 0 0 0 0 0 0 0 0 0 0 0 0 0 0 0 0 0 0 0 0 0 0 0 0 0 0 0 0 0 0 0 183 7 72 0 0 0 0 0 0 0 0 0 0 0 0 0 0 0 0 0 0 0 0 0 0 0 0 0 0 0 0 0 0 0 0 0 0 0
0 0 27 27 119 119 145 119 141 136 135 104 114 100 71 63 69 54 47 55 49 39 25 16 17 18 11 6 0 8 2 0 0 0 0 0 0 1 0 0 0 0 0 0 10 10 18 18 20 20 24 24 26 26 54 54 54 54 37 37 37 37 25 25 25 25 14 14 14 14
0 0 0 0 0 0 0 0 0 0 0 0 0 0 0 0 0 0 0 0 30 0 131 23 0 0 0 0 0 0 0 0 0 0 0 0 0 0 0 0 0 0 0 0 0 0 0 0 0 0 0 0 0 0 0 0 0 0 0 0 0 0 0 0 0 0 0 0 0 0
0 0 0 0 0 0 0 0 0 0 0 0 0 0 0 0 0 0 0 0 0 0 0 0 0 0 0 0 0 0 42 134 203 182 120 55 8 0 0 0 0 0 0 0 0 0 0 0 0 0 0 0 0 0 0 0 0 0 0 0 0 0 0 0 0 0 0 0 0 0
0 0 0 0 0 0 0 0 0 0 0 0 0 0 0 0 0 0 0 0 0 0 0 0 0 0 0 0 0 0 0 180 0 0 0 0 0 0 0 0 0 0 0 0 0 0 0 0 0 0 0 0 0 0 0 0 0 0 0 0 0 0 0 0 0 0 0 0 0 0
152 152 157 157 169 169 162 141 156 154 170 163 170 172 199 156 151 144 162 172 179 166 187 157 168 167 197 162 173 161 188 162 179 180 169 178 184 171 168 168 171 171 175 175 146 146 156 156 151 151 141 141 153 153 169 169 169 169 162 162 162 162 150 150 150 150 159 159 159 159
0 0 0 0 0 0 2 0 0 0 0 2 0 25 12 0 11 145 53 8 45 81 72 35 18 9 128 29 16 11 0 0 0 0 0 0 0 15 0 0 10 10 62 62 6 6 58 58 0 0 0 0 3 3 0 0 0 0 0 0 0 0 12 12 12 12 44 44 44 44
0 0 0 0 0 0 0 0 0 0 0 0 0 0 0 0 0 0 0 0 0 0 4 67 87 70 128 169 79 13 0 0 0 0 0 0 0 0 0 0 0 0 0 0 0 0 0 0 0 0 0 0 0 0 0 0 0 0 0 0 0 0 0 0 0 0 0 0 0 0
0 0 0 0 0 0 0 0 0 0 0 0 0 0 2 0 3 21 5 4 54 76 134 79 86 77 22 21 49 31 19 14 0 20 39 71 52 23 32 32 9 9 4 4 42 42 13 13 0 0 0 0 0 0 0 0 0 0 0 0 0 0 0 0 0 0 0 0 0 0
31 31 37 37 26 26 36 28 33 34 31 21 24 24 26 22 78 75 46 23 21 36 53 42 45 78 85 61 86 61 95 134 132 105 125 100 75 67 71 71 84 84 77 77 69 69 77 77 59 59 81 81 75 75 50 50 50 50 49 49 49 49 63 63 63 63 78 78 78 78
0 0 0 0 0 0 0 0 12 0 0 0 0 0 0 0 0 0 13 76 54 95 168 37 125 30 22 37 18 18 0 0 0 32 66 38 23 5 0 0 0 0 0 0 0 0 0 0 0 0 0 0 0 0 0 0 0 0 0 0 0 0 0 0 0 0 0 0 0 0
0 0 0 0 0 0 0 0 0 0 0 0 0 0 0 0 0 35 88 99 87 94 126 172 181 168 198 158 138 112 100 88 63 49 64 38 41 48 33 33 20 20 16 16 18 18 0 0 0 0 0 0 0 0 0 0 0 0 0 0 0 0 36 36 36 36 38 38 38 38
0 0 0 0 0 0 0 0 0 4 0 0 0 24 59 86 101 89 152 198 198 93 72 37 57 52 27 9 10 0 0 0 0 0 0 0 0 0 0 0 0 0 0 0 0 0 0 0 0 0 0 0 0 0 0 0 0 0 0 0 0 0 0 0 0 0 0 0 0 0
0 0 0 0 0 0 0 0 0 0 0 0 0 0 0 0 0 0 0 0 0 0 0 177 91 0 0 0 0 0 0 0 0 0 0 0 0 0 0 0 0 0 0 0 0 0 0 0 0 0 0 0 18 18 54 54 54 54 0 0 0 0 0 0 0 0 0 0 0 0
13 13 12 12 12 12 17 18 20 14 13 16 20 51 106 97 103 101 82 54 80 48 57 60 86 72 90 70 56 53 50 51 71 64 85 92 156 122 134 134 117 117 98 98 79 79 81 81 85 85 62 62 71 71 93 93 93 93 89 89 89 89 79 79 79 79 47 47 47 47
0 0 0 0 0 0 0 0 0 0 0 0 0 0 0 0 0 0 0 0 0 0 0 0 0 0 0 0 104 136 180 137 111 41 33 0 6 0 0 0 0 0 0 0 0 0 0 0 0 0 0 0 0 0 0 0 0 0 2 2 2 2 0 0 0 0 0 0 0 0
0 0 0 0 0 0 0 0 0 0 0 0 0 0 0 0 0 0 0 0 0 0 0 130 101 44 53 46 0 0 0 0 0 0 0 0 0 0 0 0 0 0 0 0 0 0 0 0 0 0 0 0 0 0 0 0 0 0 0 0 0 0 0 0 0 0 0 0 0 0
0 0 0 0 0 0 0 0 0 0 0 0 0 0 0 0 0 0 0 0 0 5 200 44 12 0 0 0 0 0 0 0 0 0 0 0 0 0 0 0 0 0 0 0 0 0 0 0 0 0 0 0 0 0 0 0 0 0 0 0 0 0 0 0 0 0 0 0 0 0
0 0 0 0 0 0 0 0 0 0 0 0 0 0 0 0 0 0 0 0 0 0 44 86 167 156 105 133 146 158 122 125 172 149 55 73 97 175 150 150 147 147 105 105 78 78 53 53 31 31 34 34 49 49 68 68 68 68 80 80 80 80 70 70 70 70 36 36 36 36
104 104 134 134 126 126 106 92 128 97 135 88 70 75 90 99 108 103 95 95 103 113 153 185 192 150 185 159 161 151 160 177 151 153 117 140 144 141 110 110 117 117 146 146 143 143 153 153 167 167 140 140 158 158 149 149 149 149 163 163 163 163 201 201 201 201 187 187 187 187
47 47 7 7 0 0 0 0 0 0 0 0 0 0 0 0 0 0 0 0 0 0 0 0 0 0 0 0 0 0 0 0 0 0 0 0 0 0 0 0 0 0 0 0 0 0 13 13 23 23 2 2 12 12 3 3 3 3 10 10 10 10 5 5 5 5 11 11 11 11
10 10 5 5 5 5 25 40 43 53 67 73 100 114 117 80 119 114 105 123 104 154 155 132 118 119 115 103 88 91 88 103 121 122 119 101 99 100 92 92 92 92 111 111 109 109 126 126 97 97 94 94 88 88 94 94 94 94 118 118 118 118 106 106 106 106 120 120 120 120
0 0 0 0 0 0 0 8 33 37 72 79 67 86 135 146 138 129 132 60 87 86 81 105 84 72 79 100 48 73 67 68 51 48 39 15 6 0 0 0 0 0 0 0 0 0 0 0 5 5 8 8 3 3 0 0 0 0 0 0 0 0 0 0 0 0 0 0 0 0
0 0 0 0 0 0 0 0 0 0 0 0 0 0 0 0 0 0 0 0 0 0 0 0 0 0 0 0 0 0 0 186 0 0 0 0 0 0 0 0 0 0 0 0 0 0 0 0 0 0 0 0 0 0 0 0 0 0 0 0 0 0 0 0 0 0 0 0 0 0
97 97 118 118 131 131 142 142 136 153 159 114 121 96 128 131 127 136 154 121 90 82 100 139 129 111 114 116 111 127 121 83 94 98 94 87 83 92 97 97 105 105 101 101 156 156 131 131 76 76 82 82 88 88 91 91 91 91 103 103 103 103 107 107 107 107 144 144 144 144
0 0 0 0 0 0 0 0 0 0 0 0 0 0 0 0 0 0 0 0 0 0 0 0 0 0 0 0 0 0 146 29 0 0 0 0 0 0 0 0 0 0 0 0 0 0 0 0 0 0 0 0 0 0 0 0 0 0 0 0 0 0 0 0 0 0 0 0 0 0
0 0 0 0 0 0 1 6 18 13 16 15 12 16 29 15 21 24 18 15 50 41 55 51 55 33 54 80 70 51 48 62 73 59 84 83 92 92 134 134 89 89 86 86 89 89 85 85 120 120 138 138 181 181 167 167 167 167 161 161 161 161 134 134 134 134 174 174 174 174
0 0 0 0 0 0 0 0 0 0 0 0 0 0 0 0 0 0 0 0 0 0 0 0 0 0 0 0 0 10 144 196 63 0 0 0 0 0 0 0 0 0 0 0 0 0 0 0 0 0 0 0 0 0 0 0 0 0 0 0 0 0 0 0 0 0 0 0 0 0
0 0 0 0 0 0 0 0 0 0 0 0 0 0 0 0 0 0 0 0 31 68 70 27 25 4 6 2 0 0 0 0 0 0 0 8 44 94 68 68 12 12 27 27 34 34 1 1 0 0 0 0 0 0 0 0 0 0 0 0 0 0 0 0 0 0 0 0 0 0
0 0 0 0 0 0 0 0 0 0 0 0 0 0 0 0 23 22 35 17 17 70 109 101 106 135 129 134 82 87 70 71 123 120 79 88 102 85 95 95 60 60 22 22 16 16 28 28 25 25 5 5 0 0 0 0 0 0 1 1 1 1 0 0 0 0 0 0 0 0
0 0 0 0 0 0 0 0 0 0 0 0 0 0 0 0 0 0 0 0 0 0 0 0 0 0 51 157 36 3 0 0 0 0 0 0 0 0 0 0 0 0 0 0 0 0 0 0 0 0 0 0 0 0 0 0 0 0 0 0 0 0 0 0 0 0 0 0 0 0
0 0 0 0 0 0 0 0 0 0 0 0 0 0 0 0 0 0 0 0 0 0 14 12 32 33 84 155 176 162 142 127 96 115 96 80 94 74 62 62 69 69 54 54 53 53 53 53 51 51 59 59 52 52 51 51 51 51 44 44 44 44 34 34 34 34 24 24 24 24
0 0 13 13 25 25 38 39 94 97 108 93 129 101 72 87 90 68 84 97 131 87 87 82 65 70 64 22 62 40 21 61 48 2 0 0 0 0 1 1 34 34 0 0 0 0 0 0 0 0 0 0 0 0 0 0 0 0 0 0 0 0 0 0 0 0 0 0 0 0
0 0 0 0 0 0 0 0 0 0 0 0 0 0 0 0 0 0 0 0 0 0 0 0 0 0 0 0 0 25 181 0 0 0 0 0 0 0 0 0 0 0 0 0 0 0 0 0 0 0 0 0 0 0 0 0 0 0 0 0 0 0 0 0 0 0 0 0 0 0
9 9 13 13 14 14 12 17 3 28 56 18 13 0 15 21 80 32 42 15 0 15 17 131 190 101 147 95 125 97 69 81 59 32 41 18 8 9 20 20 0 0 4 4 0 0 0 0 0 0 0 0 0 0 5 5 5 5 0 0 0 0 0 0 0 0 0 0 0 0
0 0 0 0 0 0 0 0 0 0 0 0 0 0 0 0 0 0 5 10 45 65 0 144 73 0 0 0 0 0 0 0 0 0 0 0 0 0 0 0 0 0 0 0 0 0 0 0 0 0 0 0 0 0 0 0 0 0 0 0 0 0 0 0 0 0 0 0 0 0
0 0 0 0 2 2 2 44 53 0 0 0 18 0 23 16 72 116 53 113 55 48 41 0 12 20 26 97 196 24 15 26 3 0 0 0 0 5 0 0 0 0 0 0 0 0 0 0 0 0 0 0 0 0 0 0 0 0 0 0 0 0 0 0 0 0 0 0 0 0
0 0 0 0 0 0 0 0 0 0 0 0 0 0 0 0 0 0 0 0 0 0 0 0 42 40 156 31 45 4 0 0 0 7 45 83 94 27 46 46 12 12 0 0 0 0 0 0 0 0 0 0 0 0 0 0 0 0 0 0 0 0 0 0 0 0 0 0 0 0
39 39 52 52 37 37 29 26 22 25 58 91 148 153 191 185 151 117 90 87 87 82 71 32 50 34 22 17 19 16 0 0 3 4 0 0 0 0 0 0 0 0 0 0 0 0 0 0 0 0 0 0 0 0 0 0 0 0 0 0 0 0 0 0 0 0 0 0 0 0
0 0 0 0 0 0 0 0 0 0 0 0 0 0 0 0 0 0 0 0 0 0 36 191 183 196 184 12 18 26 14 12 30 31 42 49 16 47 61 61 17 17 1 1 0 0 0 0 0 0 0 0 0 0 0 0 0 0 0 0 0 0 0 0 0 0 0 0 0 0
0 0 0 0 0 0 0 0 0 114 7 4 27 8 0 0 0 0 0 0 0 0 0 6 0 0 0 0 0 0 0 0 34 36 45 17 20 15 27 27 69 69 110 110 62 62 97 97 97 97 62 62 48 48 32 32 32 32 119 119 119 119 140 140 140 140 61 61 61 61
0 0 0 0 0 0 0 0 0 0 0 0 0 0 0 0 0 35 49 29 0 0 0 0 0 0 0 0 0 89 112 112 146 109 0 0 0 0 0 0 0 0 19 19 148 148 99 99 0 0 39 39 0 0 0 0 0 0 0 0 0 0 21 21 21 21 0 0 0 0
0 0 0 0 0 0 0 0 0 0 0 0 0 0 0 0 0 0 0 0 0 0 0 0 0 0 0 0 0 0 69 172 0 0 0 0 0 0 0 0 0 0 0 0 0 0 0 0 0 0 0 0 0 0 0 0 0 0 0 0 0 0 0 0 0 0 0 0 0 0
0 0 0 0 0 0 0 0 0 0 0 0 0 0 0 0 0 0 0 0 0 0 0 0 0 0 1 0 0 0 5 0 8 2 1 6 6 3 87 87 62 62 94 94 40 40 12 12 57 57 22 22 44 44 26 26 26 26 30 30 30 30 31 31 31 31 33 33 33 33
27 27 27 27 59 59 43 17 22 7 33 86 85 22 41 46 27 13 41 24 14 67 91 80 52 37 42 28 42 107 116 177 74 33 36 20 16 25 74 74 89 89 124 124 143 143 70 70 28 28 29 29 16 16 117 117 117 117 144 144 144 144 73 73 73 73 49 49 49 49
0 0 0 0 0 0 0 0 0 0 0 0 0 0 0 0 0 0 0 0 0 0 0 0 0 0 0 0 0 7 196 189 184 9 0 0 0 0 0 0 0 0 0 0 0 0 0 0 0 0 0 0 0 0 0 0 0 0 0 0 0 0 0 0 0 0 0 0 0 0
103 103 104 104 102 102 108 106 118 110 121 128 120 111 133 114 117 117 102 117 128 138 139 150 157 141 153 141 136 155 155 164 157 149 164 156 138 142 168 168 137 137 136 136 129 129 127 127 137 137 151 151 157 157 162 162 162 162 185 185 185 185 188 188 188 188 150 150 150 150
0 0 0 0 0 0 0 0 0 0 0 19 62 91 98 65 62 103 142 62 82 64 18 4 15 18 30 62 70 85 136 130 146 159 144 89 44 63 29 29 2 2 44 44 58 58 19 19 0 0 13 13 1 1 16 16 16 16 27 27 27 27 14 14 14 14 0 0 0 0
0 0 0 0 0 0 0 0 0 0 0 0 0 0 0 0 0 0 0 0 5 154 108 0 0 0 0 0 0 0 0 0 0 0 0 0 0 0 0 0 0 0 0 0 0 0 0 0 0 0 0 0 0 0 0 0 0 0 0 0 0 0 0 0 0 0 0 0 0 0
0 0 0 0 0 0 0 0 0 0 0 0 0 0 0 0 0 0 0 0 0 66 1 136 34 0 0 0 0 0 0 0 0 0 0 0 0 0 0 0 0 0 0 0 0 0 0 0 0 0 0 0 0 0 0 0 0 0 0 0 0 0 0 0 0 0 0 0 0 0
0 0 0 0 0 0 0 0 0 0 0 0 0 0 0 0 0 0 0 0 0 0 0 0 0 0 0 0 0 0 172 9 0 0 0 0 0 0 0 0 0 0 0 0 0 0 0 0 0 0 0 0 0 0 0 0 0 0 0 0 0 0 0 0 0 0 0 0 0 0
0 0 0 0 0 0 0 0 0 0 0 0 0 1 61 127 184 74 25 14 0 0 0 0 28 45 20 9 49 25 11 0 10 0 0 0 0 0 0 0 0 0 0 0 0 0 0 0 0 0 0 0 0 0 0 0 0 0 0 0 0 0 0 0 0 0 0 0 0 0
0 0 0 0 0 0 0 0 0 0 0 0 1 12 29 23 63 164 73 12 4 37 45 105 14 0 0 0 0 0 8 66 79 26 32 72 73 77 98 98 83 83 91 91 64 64 70 70 64 64 52 52 5 5 16 16 16 16 31 31 31 31 9 9 9 9 0 0 0 0
46 46 34 34 94 94 45 35 60 62 55 46 126 94 62 63 56 50 53 42 58 170 49 36 39 36 44 42 44 74 93 75 97 113 72 62 54 56 64 64 53 53 111 111 70 70 69 69 46 46 69 69 67 67 92 92 92 92 69 69 69 69 78 78 78 78 55 55 55 55
4 4 24 24 11 11 25 27 33 16 4 17 19 11 9 12 16 40 43 16 13 0 38 48 149 83 31 22 38 18 17 47 7 8 24 14 4 45 0 0 0 0 0 0 0 0 0 0 0 0 0 0 0 0 0 0 0 0 0 0 0 0 0 0 0 0 0 0 0 0
0 0 0 0 0 0 0 0 0 0 0 0 0 0 0 0 0 0 0 0 0 102 176 140 158 61 33 116 41 15 30 34 55 56 90 56 25 24 23 23 22 22 35 35 34 34 68 68 34 34 28 28 30 30 24 24 24 24 9 9 9 9 0 0 0 0 0 0 0 0
0 0 0 0 0 0 0 0 0 0 0 0 0 0 0 0 0 0 33 86 99 128 79 148 74 89 117 48 89 74 114 68 63 89 36 0 1 6 0 0 0 0 9 9 0 0 0 0 0 0 0 0 0 0 0 0 0 0 0 0 0 0 0 0 0 0 0 0 0 0
0 0 0 0 0 0 0 0 0 0 0 0 0 0 0 0 0 64 133 0 0 0 0 30 0 0 3 131 3 21 3 0 0 118 14 36 15 0 0 0 0 0 0 0 0 0 0 0 0 0 0 0 0 0 0 0 0 0 0 0 0 0 0 0 0 0 0 0 0 0
0 0 0 0 0 0 17 36 104 91 152 90 85 71 70 54 72 115 111 99 68 60 48 18 20 26 48 39 75 66 93 84 90 104 86 104 90 116 83 83 94 94 130 130 134 134 178 178 142 142 153 153 156 156 157 157 157 157 118 118 118 118 67 67 67 67 44 44 44 44
17 17 19 19 19 19 34 30 32 22 20 17 18 18 33 20 43 32 28 28 23 31 29 19 31 23 36 35 30 30 56 64 39 49 48 44 59 55 59 59 57 57 92 92 68 68 69 69 65 65 70 70 73 73 101 101 101 101 84 84 84 84 79 79 79 79 84 84 84 84
0 0 0 0 0 0 0 0 0 0 0 0 0 0 0 0 0 0 0 0 0 0 0 0 0 0 0 0 0 0 0 143 8 0 0 0 0 0 0 0 0 0 0 0 0 0 0 0 0 0 0 0 0 0 0 0 0 0 0 0 0 0 0 0 0 0 0 0 0 0
0 0 0 0 0 0 0 0 0 0 0 0 0 0 0 0 0 0 0 0 0 0 0 0 0 0 0 0 0 0 0 163 0 0 0 0 0 0 0 0 0 0 0 0 0 0 0 0 0 0 0 0 0 0 0 0 0 0 0 0 0 0 0 0 0 0 0 0 0 0
0 0 0 0 0 0 0 0 0 0 0 0 0 0 0 0 0 0 0 0 0 0 24 0 31 49 33 0 0 0 0 32 92 143 152 49 0 0 0 0 40 40 60 60 0 0 0 0 0 0 0 0 0 0 0 0 0 0 0 0 0 0 0 0 0 0 0 0 0 0
0 0 0 0 0 0 0 0 0 0 0 0 0 0 0 10 13 6 0 6 17 20 66 65 18 63 75 47 67 88 95 109 69 145 59 81 118 184 136 136 83 83 87 87 105 105 146 146 127 127 122 122 98 98 89 89 89 89 50 50 50 50 32 32 32 32 15 15 15 15
0 0 0 0 0 0 0 0 0 0 0 0 0 0 0 0 0 0 0 0 0 11 31 28 134 81 98 117 71 85 102 62 98 44 48 40 64 39 52 52 18 18 7 7 16 16 36 36 7 7 14 14 0 0 0 0 0 0 0 0 0 0 0 0 0 0 0 0 0 0
0 0 104 104 169 169 156 126 108 116 166 147 154 137 168 178 188 180 186 143 137 99 33 34 56 28 42 54 41 0 0 0 0 0 0 30 18 0 0 0 0 0 0 0 30 30 12 12 0 0 0 0 0 0 0 0 0 0 0 0 0 0 0 0 0 0 12 12 12 12
0 0 0 0 0 0 0 0 0 0 0 0 0 0 0 0 0 0 0 0 0 0 0 143 137 29 0 0 0 0 0 0 0 0 0 0 0 0 0 0 0 0 0 0 0 0 0 0 0 0 0 0 0 0 0 0 0 0 0 0 0 0 0 0 0 0 0 0 0 0
45 45 47 47 41 41 31 18 34 30 53 48 40 39 36 35 47 34 46 96 136 82 65 65 58 22 41 43 39 41 54 123 165 144 201 173 144 96 78 78 50 50 54 54 57 57 44 44 58 58 66 66 41 41 85 85 85 85 65 65 65 65 34 34 34 34 24 24 24 24
26 26 30 30 31 31 38 36 33 29 39 30 38 35 42 35 48 40 35 35 44 38 55 37 54 68 89 91 101 101 126 86 95 103 190 127 131 121 121 121 101 101 84 84 85 85 86 86 84 84 94 94 77 77 107 107 107 107 113 113 113 113 111 111 111 111 97 97 97 97
0 0 0 0 0 0 5 8 9 30 22 0 11 0 0 0 0 0 0 0 1 0 7 0 57 83 118 132 115 84 32 27 29 36 50 50 32 32 26 26 29 29 15 15 21 21 63 63 125 125 140 140 145 145 132 132 132 132 114 114 114 114 47 47 47 47 20 20 20 20
0 0 0 0 0 0 0 0 0 0 0 0 0 0 0 0 0 34 140 2 0 0 0 0 16 0 0 0 0 0 0 0 0 0 0 0 0 0 0 0 0 0 0 0 0 0 0 0 0 0 0 0 0 0 0 0 0 0 0 0 0 0 0 0 0 0 0 0 0 0
0 0 0 0 0 0 0 0 0 0 0 0 0 0 0 0 0 86 126 135 105 96 117 89 77 66 33 0 21 15 0 1 0 0 0 0 0 0 0 0 0 0 0 0 0 0 0 0 0 0 0 0 0 0 0 0 0 0 0 0 0 0 0 0 0 0 0 0 0 0
137 137 54 54 49 49 9 33 25 33 67 40 24 28 49 45 26 13 7 12 30 57 43 52 39 37 39 17 32 23 81 51 57 77 54 51 51 44 42 42 35 35 123 123 156 156 98 98 76 76 68 68 54 54 100 100 100 100 101 101 101 101 115 115 115 115 57 57 57 57
0 0 0 0 0 0 11 0 0 0 0 0 0 0 0 0 0 0 0 0 0 0 22 134 158 57 29 45 13 0 71 44 133 55 0 0 0 0 0 0 21 21 0 0 0 0 0 0 0 0 0 0 0 0 0 0 0 0 0 0 0 0 0 0 0 0 0 0 0 0
0 0 0 0 32 32 124 168 121 147 126 172 124 64 52 21 43 33 42 30 9 19 8 14 22 9 0 0 25 15 24 9 8 0 4 23 29 7 15 15 11 11 11 11 26 26 58 58 53 53 41 41 61 61 52 52 52 52 78 78 78 78 57 57 57 57 84 84 84 84
0 0 0 0 0 0 0 0 0 0 0 0 0 0 0 0 0 0 0 0 0 0 0 0 0 0 0 0 0 0 61 192 35 33 27 0 0 25 80 80 29 29 0 0 0 0 0 0 0 0 0 0 0 0 0 0 0 0 0 0 0 0 0 0 0 0 0 0 0 0
57 57 55 55 55 55 55 55 47 30 13 2 0 0 19 9 23 44 99 123 114 124 148 138 83 90 108 113 118 77 95 87 71 57 61 43 42 26 47 47 45 45 25 25 9 9 17 17 10 10 0 0 0 0 6 6 6 6 1 1 1 1 0 0 0 0 0 0 0 0
0 0 0 0 0 0 0 0 0 0 0 0 0 0 0 0 0 0 0 4 63 145 144 25 9 0 6 0 0 0 0 0 0 0 0 0 0 0 0 0 0 0 0 0 0 0 0 0 0 0 0 0 0 0 0 0 0 0 0 0 0 0 0 0 0 0 0 0 0 0
59 59 57 57 67 67 77 67 74 69 73 67 71 70 68 69 77 65 65 88 109 106 75 145 126 93 129 112 149 97 134 89 108 129 161 113 143 112 138 138 118 118 103 103 124 124 109 109 134 134 105 105 123 123 137 137 137 137 159 159 159 159 136 136 136 136 124 124 124 124
0 0 0 0 0 0 0 0 0 0 0 0 0 0 0 0 0 0 0 0 0 4 15 23 140 107 166 115 123 76 75 17 82 39 99 44 58 0 4 4 0 0 0 0 0 0 0 0 0 0 0 0 0 0 14 14 14 14 34 34 34 34 0 0 0 0 0 0 0 0
0 0 0 0 0 0 0 0 0 0 0 0 0 0 0 0 0 0 0 0 0 3 21 28 31 18 13 7 14 136 163 88 0 0 0 0 0 0 0 0 0 0 0 0 0 0 0 0 0 0 0 0 0 0 0 0 0 0 0 0 0 0 0 0 0 0 0 0 0 0
0 0 0 0 2 2 0 0 0 0 0 63 59 46 115 0 0 0 0 0 0 0 0 0 0 0 0 0 14 22 23 67 63 57 28 3 3 0 17 17 0 0 0 0 20 20 71 71 168 168 165 165 102 102 73 73 73 73 101 101 101 101 159 159 159 159 103 103 103 103
120 120 118 118 137 137 132 146 146 134 165 181 153 140 132 122 124 113 120 119 113 104 111 108 112 119 122 129 139 119 139 139 147 139 141 130 154 132 174 174 129 129 130 130 140 140 147 147 162 162 170 170 135 135 172 172 172 172 149 149 149 149 152 152 152 152 123 123 123 123
0 0 0 0 0 0 0 0 0 0 0 0 0 0 0 0 0 0 0 0 0 0 0 0 0 0 0 0 0 0 35 192 0 0 0 0 0 0 0 0 0 0 0 0 0 0 0 0 0 0 0 0 0 0 0 0 0 0 0 0 0 0 0 0 0 0 0 0 0 0
0 0 0 0 0 0 0 0 0 0 0 0 0 0 0 0 0 0 0 0 0 0 0 0 0 0 0 0 0 0 0 151 97 0 0 0 0 0 0 0 0 0 0 0 0 0 0 0 0 0 0 0 0 0 0 0 0 0 0 0 0 0 0 0 0 0 0 0 0 0
0 0 0 0 0 0 0 0 0 0 0 0 0 0 0 0 0 0 0 0 0 2 24 132 0 0 0 0 0 0 0 0 0 0 0 0 0 0 0 0 0 0 0 0 0 0 0 0 0 0 0 0 0 0 0 0 0 0 0 0 0 0 0 0 0 0 0 0 0 0
0 0 0 0 0 0 0 0 0 0 0 0 0 0 0 0 0 0 0 0 0 0 0 151 6 0 0 0 0 0 0 0 0 0 0 0 0 0 0 0 0 0 0 0 0 0 0 0 0 0 0 0 4 4 0 0 0 0 0 0 0 0 0 0 0 0 0 0 0 0
0 0 0 0 0 0 0 0 0 0 0 0 0 0 0 0 0 0 0 0 0 0 0 0 0 0 0 0 0 0 50 134 0 0 0 0 0 0 0 0 0 0 0 0 0 0 0 0 0 0 0 0 0 0 0 0 0 0 0 0 0 0 0 0 0 0 0 0 0 0
0 0 0 0 0 0 0 0 0 0 0 0 0 0 0 0 0 0 0 0 0 0 0 0 0 0 0 0 0 0 0 0 0 0 0 0 0 0 0 0 0 0 0 0 37 37 141 141 63 63 15 15 0 0 0 0 0 0 0 0 0 0 0 0 0 0 0 0 0 0
0 0 0 0 0 0 0 0 0 0 0 0 0 0 0 0 0 0 0 0 0 0 0 0 0 0 0 16 15 26 40 156 138 105 89 52 22 20 0 0 0 0 0 0 0 0 0 0 0 0 0 0 0 0 0 0 0 0 0 0 0 0 0 0 0 0 0 0 0 0
0 0 0 0 72 72 0 0 0 0 0 5 18 119 151 0 0 0 34 147 150 88 50 125 91 71 29 24 12 37 204 116 184 187 134 41 7 8 12 12 0 0 0 0 0 0 0 0 0 0 0 0 0 0 0 0 0 0 0 0 0 0 0 0 0 0 0 0 0 0
0 0 19 19 9 9 49 126 105 93 105 90 157 175 161 167 107 69 145 51 23 77 76 0 0 0 0 0 0 0 10 2 26 52 90 62 19 37 26 26 0 0 0 0 0 0 0 0 0 0 0 0 0 0 0 0 0 0 0 0 0 0 0 0 0 0 0 0 0 0
0 0 0 0 0 0 0 0 0 0 0 0 0 0 0 0 0 0 0 0 0 0 0 0 0 0 0 0 26 34 169 75 0 0 0 0 0 0 0 0 0 0 0 0 0 0 0 0 0 0 0 0 0 0 0 0 0 0 0 0 0 0 0 0 0 0 0 0 0 0
0 0 0 0 0 0 0 0 0 0 0 0 0 0 0 0 0 0 0 0 0 0 0 0 0 0 0 0 0 0 0 147 0 0 0 0 0 0 0 0 0 0 0 0 0 0 0 0 0 0 0 0 0 0 0 0 0 0 0 0 0 0 0 0 0 0 0 0 0 0
0 0 0 0 0 0 0 0 0 0 0 0 0 0 0 0 0 0 0 0 0 0 0 0 0 0 0 0 0 0 7 32 165 52 8 0 0 0 0 0 0 0 0 0 0 0 0 0 0 0 0 0 0 0 0 0 0 0 0 0 0 0 0 0 0 0 0 0 0 0
0 0 0 0 0 0 0 0 0 0 0 0 0 0 0 0 0 0 0 0 0 58 54 68 46 29 11 30 21 29 111 77 69 136 139 126 28 15 33 33 2 2 0 0 0 0 0 0 0 0 0 0 0 0 0 0 0 0 0 0 0 0 0 0 0 0 0 0 0 0
0 0 0 0 0 0 0 0 0 0 0 0 0 0 0 0 0 0 0 0 0 0 0 0 0 0 0 0 0 0 119 146 59 54 49 37 20 2 0 0 0 0 0 0 0 0 0 0 0 0 0 0 0 0 0 0 0 0 0 0 0 0 0 0 0 0 0 0 0 0
0 0 0 0 0 0 0 0 0 0 0 0 0 0 0 0 0 0 8 1 32 58 96 84 182 138 184 104 117 43 31 6 0 0 0 16 16 6 0 0 0 0 2 2 28 28 39 39 25 25 3 3 4 4 0 0 0 0 0 0 0 0 0 0 0 0 0 0 0 0
0 0 0 0 0 0 0 0 0 0 0 0 0 0 0 0 9 0 0 0 118 134 63 42 33 181 181 45 202 69 0 0 0 0 0 0 0 0 0 0 0 0 0 0 0 0 0 0 0 0 0 0 0 0 0 0 0 0 0 0 0 0 0 0 0 0 0 0 0 0
94 94 96 96 67 67 85 79 52 46 36 36 28 20 23 33 43 61 83 77 67 75 90 89 93 71 115 125 151 183 140 108 154 159 180 204 188 141 142 142 151 151 106 106 80 80 57 57 33 33 28 28 42 42 45 45 45 45 35 35 35 35 14 14 14 14 7 7 7 7
56 56 51 51 48 48 28 18 14 26 40 70 87 86 134 113 123 148 124 158 115 120 87 63 56 28 10 22 16 19 0 0 1 0 4 7 0 0 0 0 0 0 0 0 0 0 0 0 0 0 0 0 0 0 0 0 0 0 0 0 0 0 0 0 0 0 0 0 0 0
0 0 0 0 0 0 0 0 0 0 0 0 0 0 0 0 0 0 0 4 8 0 37 47 74 89 203 136 106 67 41 23 40 31 38 10 18 18 7 7 0 0 0 0 0 0 0 0 0 0 0 0 0 0 0 0 0 0 0 0 0 0 0 0 0 0 0 0 0 0
0 0 0 0 0 0 0 0 0 0 0 0 0 0 0 0 0 0 0 0 0 0 0 0 0 0 0 0 0 0 29 192 160 68 77 65 0 14 70 70 81 81 0 0 0 0 0 0 0 0 0 0 0 0 0 0 0 0 0 0 0 0 0 0 0 0 0 0 0 0
0 0 0 0 0 0 0 0 0 0 0 0 0 0 0 0 0 0 0 0 0 0 0 0 42 174 13 0 0 0 0 0 0 0 0 0 0 0 0 0 0 0 0 0 0 0 0 0 0 0 0 0 0 0 0 0 0 0 0 0 0 0 0 0 0 0 0 0 0 0
0 0 0 0 0 0 0 0 0 0 0 0 0 0 0 0 0 0 0 0 0 0 11 160 65 29 30 10 19 0 12 0 0 0 0 0 0 0 20 20 0 0 0 0 0 0 0 0 0 0 0 0 0 0 0 0 0 0 0 0 0 0 0 0 0 0 0 0 0 0
9 9 14 14 12 12 20 38 98 114 75 50 148 66 48 47 35 39 72 28 31 45 63 128 93 64 74 78 53 88 76 85 99 56 52 68 60 54 66 66 52 52 44 44 55 55 59 59 74 74 62 62 98 98 91 91 91 91 77 77 77 77 43 43 43 43 31 31 31 31
0 0 0 0 0 0 0 0 0 0 0 0 0 0 0 0 0 0 0 0 0 0 0 0 0 0 0 0 0 0 132 150 47 1 0 0 0 0 0 0 0 0 0 0 0 0 0 0 0 0 0 0 0 0 0 0 0 0 0 0 0 0 0 0 0 0 0 0 0 0
0 0 0 0 0 0 0 0 0 0 0 0 0 0 0 0 0 0 0 0 0 0 0 0 0 0 0 0 0 0 185 165 0 0 0 0 0 0 0 0 0 0 0 0 0 0 0 0 0 0 0 0 0 0 0 0 0 0 0 0 0 0 0 0 0 0 0 0 0 0
48 48 42 42 64 64 80 91 62 62 55 56 66 93 76 68 72 68 47 104 80 96 131 111 104 189 93 62 94 71 70 111 81 85 72 90 78 83 123 123 156 156 104 104 108 108 69 69 75 75 82 82 79 79 95 95 95 95 128 128 128 128 126 126 126 126 110 110 110 110
0 0 0 0 0 0 0 0 5 5 0 0 0 1 3 0 3 12 7 4 40 51 25 5 24 117 99 144 108 120 110 93 50 40 28 30 21 42 64 64 101 101 83 83 84 84 27 27 18 18 0 0 7 7 15 15 15 15 24 24 24 24 11 11 11 11 7 7 7 7
0 0 0 0 0 0 0 0 0 0 0 0 0 0 0 0 0 0 0 0 0 0 96 159 59 1 0 0 0 0 0 0 0 0 0 0 0 0 0 0 0 0 0 0 0 0 0 0 0 0 0 0 0 0 0 0 0 0 0 0 0 0 0 0 0 0 0 0 0 0
0 0 0 0 0 0 26 0 0 0 0 0 0 32 69 0 0 0 0 11 89 166 143 139 157 69 41 25 32 43 134 10 18 40 92 103 94 91 152 152 78 78 32 32 16 16 56 56 0 0 0 0 0 0 30 30 30 30 0 0 0 0 11 11 11 11 0 0 0 0
0 0 0 0 0 0 0 8 22 35 62 56 92 109 103 104 77 93 109 112 104 102 89 99 154 115 141 158 196 170 134 132 115 101 113 120 129 125 114 114 115 115 94 94 108 108 82 82 41 41 10 10 19 19 31 31 31 31 41 41 41 41 36 36 36 36 2 2 2 2
0 0 0 0 0 0 0 0 0 0 0 0 0 0 0 0 0 0 0 0 80 80 75 77 204 107 53 12 2 0 0 0 0 0 0 0 0 0 0 0 0 0 0 0 0 0 0 0 0 0 0 0 0 0 0 0 0 0 0 0 0 0 0 0 0 0 0 0 0 0
0 0 0 0 0 0 0 0 0 0 0 0 0 0 0 0 0 0 0 0 0 0 0 0 0 0 0 0 0 0 0 0 0 0 0 0 0 0 0 0 0 0 4 4 49 49 83 83 108 108 147 147 115 115 25 25 25 25 59 59 59 59 97 97 97 97 41 41 41 41
0 0 0 0 0 0 0 0 0 0 0 0 0 0 0 0 0 0 0 0 0 0 81 186 0 0 0 0 0 0 0 0 0 0 0 0 0 0 0 0 0 0 0 0 0 0 0 0 0 0 0 0 0 0 0 0 0 0 0 0 0 0 0 0 0 0 0 0 0 0
14 14 16 16 18 18 16 16 8 4 17 15 22 30 16 24 24 23 32 21 41 83 35 73 94 72 129 118 110 117 71 84 47 32 87 74 41 66 145 145 123 123 100 100 65 65 53 53 34 34 22 22 50 50 101 101 101 101 62 62 62 62 35 35 35 35 18 18 18 18
0 0 0 0 0 0 0 0 0 0 0 0 0 0 0 0 0 0 0 0 0 0 148 17 0 0 0 0 0 0 0 0 0 0 0 0 0 0 0 0 0 0 0 0 0 0 0 0 0 0 0 0 0 0 0 0 0 0 0 0 0 0 0 0 0 0 0 0 0 0
0 0 0 0 0 0 0 0 0 0 0 0 0 0 0 0 0 0 0 0 0 0 0 26 53 94 139 147 202 163 133 140 132 139 117 70 60 57 33 33 22 22 22 22 19 19 26 26 23 23 18 18 6 6 12 12 12 12 15 15 15 15 4 4 4 4 0 0 0 0
0 0 0 0 0 0 0 0 0 0 0 0 0 0 0 0 0 0 0 0 0 0 0 0 47 8 0 0 0 0 131 108 46 7 2 0 0 0 0 0 0 0 0 0 0 0 0 0 0 0 0 0 0 0 0 0 0 0 0 0 0 0 0 0 0 0 0 0 0 0
0 0 0 0 0 0 0 0 0 0 0 0 0 0 0 0 0 0 0 0 0 0 0 0 24 39 9 12 42 56 27 0 0 0 0 0 0 0 0 0 0 0 0 0 0 0 0 0 0 0 178 178 199 199 95 95 95 95 33 33 33 33 0 0 0 0 0 0 0 0
0 0 0 0 0 0 0 0 0 0 0 0 0 0 0 0 0 0 0 0 0 0 4 23 74 115 124 137 144 113 69 42 28 16 7 0 2 0 2 2 0 0 0 0 0 0 0 0 0 0 0 0 0 0 7 7 7 7 5 5 5 5 0 0 0 0 0 0 0 0
0 0 0 0 0 0 0 0 0 0 0 0 0 0 0 0 0 0 0 0 0 0 0 0 0 0 0 0 0 0 0 159 8 0 0 0 0 0 0 0 0 0 0 0 0 0 0 0 0 0 0 0 0 0 0 0 0 0 0 0 0 0 0 0 0 0 0 0 0 0
0 0 0 0 0 0 0 0 0 0 0 0 0 0 0 0 0 0 0 0 0 0 175 184 72 21 4 0 0 0 0 0 0 0 0 0 0 0 0 0 0 0 0 0 11 11 0 0 1 1 0 0 0 0 16 16 16 16 28 28 28 28 0 0 0 0 0 0 0 0
0 0 0 0 0 0 0 0 0 0 0 0 0 0 0 0 0 0 0 0 0 0 0 134 49 5 0 0 0 0 68 39 51 0 0 0 0 0 0 0 0 0 0 0 0 0 0 0 0 0 0 0 0 0 0 0 0 0 0 0 0 0 0 0 0 0 0 0 0 0
0 0 0 0 0 0 0 0 0 0 0 0 0 0 0 0 0 0 0 0 0 0 133 107 0 0 0 0 0 0 0 0 0 0 0 0 0 0 0 0 0 0 0 0 0 0 0 0 0 0 0 0 0 0 0 0 0 0 0 0 0 0 0 0 0 0 0 0 0 0
0 0 0 0 0 0 0 0 0 0 0 0 0 0 0 0 0 0 0 0 0 0 22 87 173 140 179 188 170 149 146 167 157 140 163 145 149 162 159 159 138 138 153 153 125 125 136 136 153 153 136 136 147 147 138 138 138 138 137 137 137 137 123 123 123 123 113 113 113 113
0 0 0 0 12 12 21 0 0 0 0 0 0 0 0 0 0 0 0 0 0 0 0 0 0 0 0 0 0 0 5 29 29 28 34 0 17 12 9 9 7 7 11 11 9 9 32 32 24 24 85 85 139 139 136 136 136 136 90 90 90 90 175 175 175 175 37 37 37 37
0 0 0 0 0 0 0 0 0 0 0 0 0 0 0 0 0 49 32 8 22 69 157 162 41 49 0 0 0 0 0 0 0 0 0 0 0 0 0 0 0 0 0 0 0 0 0 0 0 0 0 0 0 0 0 0 0 0 0 0 0 0 0 0 0 0 0 0 0 0
0 0 0 0 0 0 0 0 0 0 0 0 0 0 0 0 0 0 0 0 0 0 0 0 0 0 0 0 0 0 0 150 195 74 0 0 0 0 0 0 0 0 0 0 0 0 0 0 0 0 0 0 0 0 0 0 0 0 0 0 0 0 0 0 0 0 0 0 0 0
0 0 0 0 0 0 0 0 0 0 0 0 0 0 0 0 0 0 0 0 0 0 0 0 0 0 0 0 16 0 73 36 140 83 84 54 79 34 29 29 11 11 0 0 0 0 0 0 0 0 0 0 0 0 11 11 11 11 22 22 22 22 0 0 0 0 0 0 0 0
0 0 0 0 0 0 0 0 0 0 0 0 0 0 0 0 0 0 0 0 0 0 0 0 30 34 15 13 0 14 47 52 143 89 34 0 0 0 0 0 0 0 0 0 0 0 0 0 0 0 0 0 0 0 0 0 0 0 0 0 0 0 0 0 0 0 0 0 0 0
0 0 0 0 0 0 0 0 0 5 0 0 0 0 0 0 0 10 0 0 0 0 10 49 127 133 0 57 0 0 0 0 0 4 0 0 0 0 0 0 0 0 0 0 0 0 0 0 0 0 0 0 0 0 0 0 0 0 0 0 0 0 0 0 0 0 0 0 0 0
0 0 0 0 0 0 0 0 0 0 0 0 0 0 0 0 0 0 0 0 0 0 0 0 0 0 0 0 0 0 89 83 190 85 5 0 0 0 0 0 6 6 6 6 1 1 0 0 0 0 0 0 0 0 56 56 56 56 73 73 73 73 117 117 117 117 55 55 55 55
0 0 0 0 0 0 0 0 0 0 0 0 0 0 0 0 0 0 0 0 0 3 180 0 196 199 105 64 81 0 11 0 38 5 0 0 0 0 0 0 0 0 0 0 0 0 0 0 0 0 0 0 0 0 0 0 0 0 0 0 0 0 0 0 0 0 0 0 0 0
0 0 0 0 0 0 0 0 0 0 0 0 0 0 0 0 0 0 0 0 0 0 0 0 0 0 0 0 0 0 0 3 1 0 0 0 20 11 10 10 6 6 3 3 25 25 65 65 92 92 115 115 18 18 29 29 29 29 73 73 73 73 146 146 146 146 87 87 87 87
0 0 0 0 0 0 0 0 0 0 0 0 0 0 0 0 0 0 0 0 0 0 2 157 91 3 11 0 47 0 0 0 0 0 0 0 0 0 0 0 0 0 0 0 0 0 0 0 0 0 0 0 0 0 0 0 0 0 0 0 0 0 0 0 0 0 0 0 0 0
0 0 0 0 0 0 0 0 0 0 0 0 0 0 0 0 0 0 0 0 0 0 0 0 0 0 0 0 0 0 35 159 0 0 0 0 0 0 0 0 0 0 0 0 0 0 0 0 0 0 0 0 0 0 0 0 0 0 0 0 0 0 0 0 0 0 0 0 0 0
0 0 0 0 0 0 0 0 0 0 0 0 0 0 0 0 0 0 0 1 0 0 58 50 46 155 101 106 88 48 89 120 63 9 0 0 0 0 0 0 0 0 0 0 0 0 0 0 0 0 0 0 0 0 0 0 0 0 0 0 0 0 0 0 0 0 0 0 0 0
0 0 0 0 0 0 0 0 0 0 0 0 0 0 0 0 0 0 0 0 0 0 0 86 146 134 64 0 0 1 15 0 0 0 0 0 0 0 0 0 0 0 0 0 0 0 0 0 0 0 0 0 0 0 0 0 0 0 0 0 0 0 0 0 0 0 0 0 0 0
0 0 0 0 0 0 0 0 0 0 0 0 0 0 0 0 0 0 0 0 0 0 0 0 0 2 22 51 78 130 80 106 104 89 104 61 39 38 8 8 0 0 1 1 18 18 0 0 0 0 0 0 0 0 0 0 0 0 0 0 0 0 0 0 0 0 0 0 0 0
0 0 0 0 0 0 0 0 0 0 0 0 0 0 0 0 0 0 0 0 0 0 0 0 0 0 64 105 139 195 170 105 88 54 80 66 44 26 3 3 4 4 4 4 0 0 0 0 0 0 0 0 0 0 0 0 0 0 6 6 6 6 0 0 0 0 0 0 0 0
0 0 0 0 0 0 0 0 0 0 0 0 0 0 0 0 0 44 29 0 13 59 161 52 68 17 26 19 18 0 0 0 0 0 0 0 0 0 0 0 0 0 0 0 0 0 0 0 0 0 0 0 0 0 0 0 0 0 0 0 0 0 0 0 0 0 0 0 0 0
0 0 0 0 0 0 0 0 0 0 0 0 0 0 0 0 0 0 0 0 0 0 0 0 0 0 0 0 0 0 0 136 175 42 0 0 0 0 0 0 0 0 0 0 0 0 0 0 0 0 0 0 0 0 0 0 0 0 0 0 0 0 0 0 0 0 0 0 0 0
31 31 35 35 35 35 43 41 50 51 61 51 64 67 69 79 70 84 71 96 89 105 113 106 110 116 143 124 108 120 115 107 114 128 113 99 119 108 125 125 118 118 121 121 111 111 117 117 101 101 105 105 128 128 114 114 114 114 97 97 97 97 87 87 87 87 86 86 86 86
183 183 160 160 134 134 127 135 172 159 126 138 121 101 92 84 72 88 89 80 66 101 79 88 72 83 90 72 62 81 79 57 77 106 93 106 106 89 80 80 95 95 80 80 77 77 93 93 94 94 104 104 132 132 130 130 130 130 127 127 127 127 101 101 101 101 67 67 67 67
0 0 0 0 0 0 0 0 0 0 0 0 0 0 14 0 4 0 0 1 0 0 0 0 0 0 0 0 0 0 8 0 3 20 25 11 5 2 40 40 19 19 17 17 79 79 128 128 132 132 170 170 184 184 196 196 196 196 0 0 0 0 0 0 0 0 40 40 40 40
0 0 0 0 0 0 0 0 0 0 0 0 0 0 0 0 0 0 0 0 0 0 0 0 0 0 0 0 0 0 0 0 0 78 95 182 0 0 10 10 26 26 50 50 2 2 0 0 0 0 0 0 0 0 0 0 0 0 0 0 0 0 0 0 0 0 0 0 0 0
0 0 0 0 2 2 0 1 6 25 28 14 8 6 5 0 0 0 0 0 0 11 5 11 19 57 59 36 40 59 90 107 136 148 159 73 90 56 44 44 59 59 72 72 53 53 114 114 138 138 156 156 145 145 125 125 125 125 84 84 84 84 43 43 43 43 30 30 30 30
0 0 0 0 0 0 0 0 0 0 0 0 0 0 0 0 0 0 0 0 0 0 0 0 0 0 0 0 0 0 0 135 179 6 0 0 0 0 0 0 0 0 0 0 0 0 0 0 0 0 0 0 0 0 0 0 0 0 0 0 0 0 0 0 0 0 0 0 0 0
0 0 9 9 13 13 4 17 63 56 90 69 93 110 142 99 112 56 78 60 36 37 90 83 106 106 77 62 60 68 58 44 22 20 0 0 0 0 0 0 0 0 0 0 0 0 0 0 0 0 0 0 0 0 0 0 0 0 0 0 0 0 0 0 0 0 0 0 0 0
0 0 0 0 0 0 0 0 0 0 0 0 0 0 0 0 0 0 0 0 0 0 0 0 0 0 0 0 0 0 0 162 0 0 0 0 0 0 0 0 0 0 0 0 0 0 0 0 0 0 0 0 0 0 0 0 0 0 0 0 0 0 0 0 0 0 0 0 0 0
0 0 4 4 0 0 0 0 0 0 0 0 0 0 0 0 0 0 0 0 0 0 0 0 0 0 0 0 0 28 20 11 49 80 68 46 24 48 38 38 45 45 48 48 98 98 117 117 115 115 183 183 128 128 149 149 149 149 171 171 171 171 111 111 111 111 106 106 106 106
0 0 0 0 0 0 0 0 0 0 0 0 0 0 0 0 0 0 0 0 0 0 0 0 0 0 0 0 0 0 157 126 0 0 0 0 0 0 0 0 0 0 0 0 0 0 0 0 0 0 0 0 0 0 0 0 0 0 0 0 0 0 0 0 0 0 0 0 0 0
0 0 0 0 0 0 0 0 0 50 0 0 0 35 187 69 83 7 0 0 68 38 76 9 2 0 0 0 0 0 0 0 57 159 93 118 87 134 118 118 137 137 21 21 35 35 6 6 6 6 0 0 0 0 0 0 0 0 0 0 0 0 0 0 0 0 0 0 0 0
0 0 0 0 0 0 0 0 0 0 0 0 0 0 0 0 0 0 0 0 0 0 0 0 0 0 0 0 0 0 0 89 142 54 61 135 13 0 0 0 26 26 60 60 0 0 0 0 0 0 0 0 0 0 0 0 0 0 0 0 0 0 0 0 0 0 0 0 0 0
66 66 67 67 73 73 73 67 78 74 82 78 87 88 77 86 93 85 89 82 95 92 96 79 90 101 93 99 105 111 104 96 103 100 95 98 101 98 110 110 92 92 98 98 99 99 113 113 130 130 127 127 119 119 133 133 133 133 121 121 121 121 100 100 100 100 105 105 105 105
31 31 25 25 53 53 58 54 63 50 33 33 49 44 34 52 72 121 110 76 114 137 68 72 67 82 113 95 155 101 150 139 165 133 108 80 49 45 77 77 90 90 91 91 95 95 138 138 139 139 114 114 101 101 100 100 100 100 80 80 80 80 35 35 35 35 43 43 43 43
0 0 0 0 0 0 0 0 0 0 0 0 0 0 0 0 17 75 96 166 195 163 111 73 15 19 0 0 0 0 0 0 0 0 0 0 0 0 0 0 0 0 0 0 0 0 0 0 0 0 0 0 0 0 0 0 0 0 0 0 0 0 0 0 0 0 0 0 0 0
0 0 2 2 0 0 0 0 0 0 0 0 16 0 0 0 2 0 0 0 16 0 0 0 9 0 35 190 161 196 149 73 126 117 91 48 63 47 61 61 22 22 14 14 11 11 3 3 0 0 0 0 0 0 0 0 0 0 0 0 0 0 3 3 3 3 0 0 0 0
0 0 0 0 0 0 0 0 0 0 0 0 0 0 0 0 0 1 60 90 156 180 115 49 40 15 0 0 0 0 0 0 0 0 0 0 0 0 0 0 0 0 0 0 0 0 0 0 0 0 0 0 0 0 0 0 0 0 0 0 0 0 0 0 0 0 0 0 0 0
0 0 0 0 0 0 0 0 0 0 0 0 0 0 0 0 0 0 0 0 0 0 0 0 0 0 0 15 52 121 139 115 66 52 67 41 40 35 35 35 21 21 24 24 24 24 18 18 25 25 15 15 17 17 16 16 16 16 13 13 13 13 1 1 1 1 0 0 0 0
0 0 0 0 0 0 0 0 0 0 0 0 0 0 0 0 0 0 0 0 0 0 0 134 39 17 0 0 0 0 0 0 0 0 0 0 0 0 8 8 0 0 0 0 0 0 0 0 0 0 0 0 0 0 0 0 0 0 0 0 0 0 0 0 0 0 0 0 0 0
0 0 0 0 0 0 0 0 0 0 0 0 0 0 0 0 0 6 25 21 32 17 30 0 0 0 0 0 0 0 18 39 50 30 61 20 33 74 186 186 61 61 55 55 37 37 0 0 23 23 3 3 0 0 0 0 0 0 0 0 0 0 0 0 0 0 0 0 0 0
71 71 95 95 97 97 83 44 44 27 50 38 51 72 81 138 70 45 42 23 47 36 20 27 48 36 40 23 64 28 37 41 60 58 91 137 147 152 110 110 89 89 100 100 51 51 35 35 44 44 54 54 36 36 26 26 26 26 75 75 75 75 49 49 49 49 29 29 29 29
0 0 0 0 0 0 0 0 0 0 0 0 0 0 0 0 0 0 0 0 0 0 13 18 97 120 133 109 109 123 138 95 85 69 67 49 59 40 78 78 79 79 102 102 78 78 68 68 60 60 36 36 31 31 63 63 63 63 26 26 26 26 0 0 0 0 0 0 0 0
0 0 0 0 42 42 13 0 0 0 36 72 37 0 0 0 0 0 0 0 0 0 0 0 0 0 0 0 23 31 35 46 73 76 73 54 46 116 139 139 191 191 190 190 130 130 136 136 125 125 60 60 52 52 45 45 45 45 21 21 21 21 0 0 0 0 10 10 10 10
0 0 0 0 0 0 0 0 0 0 0 0 0 0 0 0 0 0 0 0 0 0 0 0 0 0 0 0 0 0 107 76 62 67 33 0 24 169 46 46 0 0 0 0 0 0 0 0 0 0 0 0 0 0 0 0 0 0 0 0 0 0 0 0 0 0 0 0 0 0
0 0 0 0 0 0 0 0 0 0 0 0 0 0 0 0 0 0 0 0 0 0 0 1 64 139 124 35 33 14 0 0 0 0 0 0 0 0 0 0 0 0 3 3 0 0 0 0 0 0 0 0 0 0 0 0 0 0 0 0 0 0 0 0 0 0 0 0 0 0
0 0 0 0 0 0 0 0 0 0 0 0 0 0 0 0 0 0 0 0 0 0 15 0 25 84 118 53 72 92 99 124 83 53 82 69 95 77 130 130 167 167 67 67 50 50 29 29 11 11 22 22 31 31 35 35 35 35 15 15 15 15 0 0 0 0 0 0 0 0
0 0 0 0 0 0 12 20 40 22 2 0 0 0 0 0 8 53 98 97 174 82 28 13 0 6 33 64 53 30 2 6 13 6 0 0 0 0 0 0 0 0 0 0 0 0 0 0 0 0 0 0 0 0 0 0 0 0 0 0 0 0 0 0 0 0 0 0 0 0
0 0 0 0 0 0 0 0 0 0 0 0 0 0 0 0 0 0 0 0 25 6 22 79 151 86 52 41 67 189 135 98 97 108 64 39 18 18 0 0 0 0 0 0 0 0 0 0 0 0 0 0 0 0 0 0 0 0 0 0 0 0 0 0 0 0 0 0 0 0
0 0 0 0 0 0 0 0 0 0 0 0 0 0 0 0 0 0 0 0 0 0 0 0 0 0 0 0 0 31 153 188 55 14 9 0 0 0 0 0 0 0 0 0 0 0 0 0 0 0 0 0 0 0 0 0 0 0 0 0 0 0 0 0 0 0 0 0 0 0
0 0 0 0 0 0 0 0 0 0 0 0 0 0 0 0 0 0 0 0 0 6 165 127 23 0 0 0 0 0 0 0 0 0 0 0 0 0 0 0 0 0 0 0 0 0 0 0 0 0 0 0 0 0 0 0 0 0 0 0 0 0 0 0 0 0 0 0 0 0
0 0 0 0 22 22 19 62 38 71 37 51 80 84 155 178 171 168 107 86 88 110 159 100 85 77 59 23 21 0 3 0 0 0 0 0 0 0 0 0 0 0 0 0 0 0 0 0 0 0 0 0 0 0 0 0 0 0 0 0 0 0 0 0 0 0 0 0 0 0
0 0 0 0 0 0 0 0 0 0 0 0 0 0 0 0 0 0 0 0 0 0 0 0 0 0 0 0 0 0 0 137 187 78 24 0 0 0 0 0 0 0 0 0 0 0 0 0 0 0 0 0 0 0 0 0 0 0 0 0 0 0 0 0 0 0 0 0 0 0
0 0 0 0 0 0 0 0 0 0 45 160 157 134 119 34 18 6 17 26 39 45 47 0 0 0 0 0 0 0 0 0 0 0 0 0 0 0 0 0 0 0 0 0 0 0 0 0 0 0 0 0 0 0 0 0 0 0 0 0 0 0 0 0 0 0 0 0 0 0
0 0 0 0 0 0 0 0 0 0 0 0 12 25 33 8 0 0 0 0 0 1 2 5 0 0 0 0 0 8 11 15 6 5 7 12 25 43 46 46 45 45 64 64 89 89 128 128 141 141 124 124 91 91 76 76 76 76 48 48 48 48 23 23 23 23 0 0 0 0
0 0 0 0 0 0 0 0 0 0 0 0 0 0 0 0 0 0 0 0 0 2 9 31 108 164 120 82 81 42 58 42 58 49 61 44 43 31 40 40 38 38 31 31 32 32 23 23 17 17 20 20 9 9 15 15 15 15 12 12 12 12 2 2 2 2 0 0 0 0
0 0 0 0 0 0 0 0 0 0 0 0 0 0 0 0 0 0 0 0 0 0 33 16 62 104 195 122 93 42 60 55 22 12 0 0 0 0 0 0 0 0 0 0 1 1 0 0 0 0 0 0 0 0 0 0 0 0 0 0 0 0 0 0 0 0 0 0 0 0
0 0 0 0 0 0 0 0 0 0 0 0 0 0 0 0 0 0 0 0 0 0 0 0 0 0 0 0 0 0 0 93 172 0 0 0 0 0 0 0 0 0 0 0 0 0 0 0 0 0 0 0 0 0 0 0 0 0 0 0 0 0 0 0 0 0 0 0 0 0
0 0 0 0 0 0 0 0 0 0 0 0 0 0 0 0 0 0 0 0 0 0 0 0 0 0 0 0 0 0 25 76 70 38 61 0 77 197 52 52 4 4 0 0 0 0 0 0 0 0 0 0 0 0 0 0 0 0 0 0 0 0 0 0 0 0 0 0 0 0
0 0 0 0 0 0 0 0 0 0 0 0 0 0 0 0 0 0 0 0 0 0 0 0 156 32 0 0 0 0 0 0 0 0 0 0 0 0 0 0 0 0 0 0 0 0 0 0 0 0 0 0 0 0 0 0 0 0 0 0 0 0 0 0 0 0 0 0 0 0
0 0 0 0 0 0 0 0 0 0 0 0 0 0 0 0 0 0 0 0 0 25 99 188 74 52 37 101 69 15 15 38 0 0 0 0 0 0 0 0 0 0 0 0 0 0 0 0 0 0 0 0 0 0 0 0 0 0 0 0 0 0 0 0 0 0 0 0 0 0
0 0 0 0 0 0 0 0 0 0 0 0 0 0 0 0 0 0 0 0 0 0 0 0 12 12 16 46 131 28 51 70 125 36 19 29 25 25 1 1 2 2 10 10 17 17 8 8 6 6 21 21 95 95 8 8 8 8 47 47 47 47 9 9 9 9 11 11 11 11
0 0 0 0 0 0 0 0 0 0 0 0 0 0 0 0 0 0 0 0 0 0 0 0 37 193 46 13 0 0 0 0 0 2 14 0 0 0 0 0 0 0 0 0 0 0 0 0 0 0 0 0 0 0 0 0 0 0 0 0 0 0 0 0 0 0 0 0 0 0
0 0 6 6 6 6 20 0 0 88 140 11 10 81 113 14 9 67 7 0 0 66 0 0 0 0 0 0 0 3 55 25 32 37 0 0 0 0 22 22 45 45 5 5 0 0 0 0 0 0 0 0 0 0 0 0 0 0 0 0 0 0 0 0 0 0 0 0 0 0
0 0 0 0 0 0 0 0 0 0 0 0 0 0 0 0 0 11 0 0 0 35 106 82 112 139 156 180 115 98 75 56 45 7 15 0 6 0 0 0 0 0 0 0 0 0 0 0 18 18 30 30 26 26 25 25 25 25 21 21 21 21 0 0 0 0 0 0 0 0
0 0 0 0 0 0 0 0 0 0 0 0 0 0 0 0 0 0 0 0 0 0 0 0 0 0 0 0 0 0 0 0 0 0 0 22 134 145 166 166 104 104 40 40 48 48 30 30 8 8 0 0 0 0 0 0 0 0 0 0 0 0 0 0 0 0 0 0 0 0
4 4 5 5 13 13 9 5 28 57 54 35 25 32 46 36 36 34 44 28 28 19 24 29 43 52 46 55 42 48 41 48 94 115 105 86 76 104 145 145 176 176 144 144 121 121 77 77 103 103 121 121 166 166 91 91 91 91 91 91 91 91 64 64 64 64 91 91 91 91
1 1 2 2 1 1 0 0 1 0 1 1 5 4 1 0 4 0 4 5 8 6 9 15 49 87 140 175 90 77 51 31 46 34 33 35 50 55 34 34 15 15 10 10 5 5 7 7 10 10 8 8 10 10 12 12 12 12 18 18 18 18 6 6 6 6 3 3 3 3
0 0 0 0 0 0 0 0 0 0 0 0 0 0 0 0 0 0 0 0 12 2 40 76 72 52 71 68 141 52 22 35 88 66 112 107 83 57 7 7 0 0 28 28 39 39 29 29 19 19 30 30 9 9 6 6 6 6 0 0 0 0 0 0 0 0 0 0 0 0
0 0 0 0 0 0 0 0 0 0 0 0 0 0 0 0 24 20 35 69 72 90 147 107 138 64 49 39 35 5 22 12 13 12 19 8 17 24 32 32 6 6 0 0 23 23 45 45 44 44 33 33 27 27 11 11 11 11 66 66 66 66 75 75 75 75 41 41 41 41
0 0 0 0 0 0 0 0 0 0 0 0 0 0 0 0 0 0 0 0 0 0 0 0 0 0 1 83 174 155 157 11 0 0 9 12 29 22 5 5 0 0 0 0 0 0 0 0 0 0 0 0 0 0 0 0 0 0 0 0 0 0 0 0 0 0 0 0 0 0
26 26 13 13 24 24 28 29 45 25 17 31 41 47 48 122 72 78 70 60 66 48 36 51 107 138 157 92 128 107 133 102 105 114 170 144 91 63 69 69 60 60 36 36 65 65 71 71 100 100 98 98 108 108 90 90 90 90 103 103 103 103 79 79 79 79 46 46 46 46
0 0 0 0 0 0 0 0 0 0 0 0 0 0 0 0 0 0 0 0 0 0 0 0 0 0 62 140 15 0 0 0 0 0 0 0 0 0 0 0 0 0 0 0 0 0 0 0 0 0 0 0 0 0 0 0 0 0 0 0 0 0 0 0 0 0 0 0 0 0
0 0 0 0 0 0 0 0 0 0 0 0 0 0 0 0 0 0 0 0 0 0 0 0 0 150 18 0 0 0 0 122 0 0 0 0 0 0 0 0 0 0 0 0 0 0 0 0 0 0 0 0 0 0 0 0 0 0 0 0 0 0 0 0 0 0 0 0 0 0
0 0 0 0 0 0 0 0 0 0 0 0 0 0 0 0 0 0 0 0 0 59 130 156 152 195 149 163 163 183 153 138 161 161 150 148 137 138 137 137 141 141 130 130 131 131 147 147 139 139 109 109 131 131 123 123 123 123 128 128 128 128 114 114 114 114 109 109 109 109
0 0 0 0 0 0 0 0 0 0 0 0 0 0 0 0 4 0 11 2 29 25 160 163 106 35 12 11 0 0 0 0 0 0 0 0 0 0 0 0 0 0 0 0 28 28 0 0 0 0 0 0 0 0 0 0 0 0 0 0 0 0 0 0 0 0 0 0 0 0
0 0 0 0 0 0 0 0 0 0 0 0 0 0 0 0 0 0 0 0 0 0 0 14 140 100 0 0 0 0 0 0 0 0 0 0 0 0 0 0 0 0 0 0 0 0 0 0 0 0 0 0 0 0 0 0 0 0 0 0 0 0 0 0 0 0 0 0 0 0
0 0 0 0 0 0 0 0 0 0 0 0 16 13 15 8 13 9 18 10 24 22 25 41 104 147 112 73 84 79 57 51 41 36 35 36 40 47 37 37 43 43 37 37 35 35 29 29 34 34 39 39 35 35 29 29 29 29 16 16 16 16 11 11 11 11 7 7 7 7
58 58 0 0 0 0 0 0 0 0 0 0 0 0 0 0 0 0 0 0 0 0 0 0 0 0 0 0 0 0 0 0 2 91 197 187 94 27 31 31 12 12 0 0 0 0 0 0 0 0 0 0 0 0 0 0 0 0 0 0 0 0 0 0 0 0 0 0 0 0
0 0 0 0 0 0 0 0 0 0 0 0 0 0 0 0 0 0 0 0 0 0 22 84 133 195 158 142 161 161 174 168 165 148 171 145 158 158 169 169 133 133 144 144 151 151 129 129 132 132 129 129 138 138 145 145 145 145 141 141 141 141 120 120 120 120 116 116 116 116
61 61 51 51 53 53 21 8 0 0 0 0 0 0 0 0 0 0 0 0 8 67 29 168 113 156 46 129 131 97 61 56 50 61 46 63 40 42 88 88 138 138 192 192 157 157 100 100 81 81 98 98 110 110 52 52 52 52 42 42 42 42 121 121 121 121 112 112 112 112
0 0 0 0 0 0 0 0 0 0 0 0 0 0 0 0 0 0 0 0 0 0 0 0 0 0 0 0 0 0 0 158 39 0 0 0 0 0 0 0 0 0 0 0 0 0 0 0 0 0 0 0 0 0 0 0 0 0 0 0 0 0 0 0 0 0 0 0 0 0
173 173 173 173 122 122 174 177 184 187 169 165 180 151 185 125 92 78 82 42 45 18 18 27 21 14 16 8 21 0 0 0 2 0 4 12 0 11 0 0 18 18 27 27 23 23 0 0 0 0 0 0 0 0 0 0 0 0 0 0 0 0 0 0 0 0 0 0 0 0
0 0 0 0 0 0 0 0 0 0 0 0 0 0 0 0 21 0 33 0 38 158 188 92 83 10 11 24 25 4 23 78 131 123 138 151 139 91 59 59 27 27 23 23 43 43 82 82 41 41 41 41 5 5 4 4 4 4 3 3 3 3 0 0 0 0 0 0 0 0
0 0 0 0 0 0 0 0 0 0 0 0 0 0 0 0 0 0 0 0 0 0 0 0 172 0 0 0 0 0 0 0 0 0 0 0 0 0 0 0 0 0 0 0 0 0 0 0 0 0 0 0 0 0 0 0 0 0 0 0 0 0 0 0 0 0 0 0 0 0
11 11 11 11 15 15 15 13 13 24 25 21 34 25 30 35 48 59 62 66 74 67 76 86 100 100 129 158 143 132 103 69 66 75 75 73 92 74 86 86 66 66 58 58 90 90 119 119 170 170 178 178 143 143 146 146 146 146 153 153 153 153 105 105 105 105 75 75 75 75
0 0 0 0 0 0 0 0 0 0 0 0 0 0 0 0 0 0 0 0 0 0 24 47 197 168 49 26 24 8 0 0 5 0 0 0 0 0 0 0 0 0 0 0 0 0 0 0 0 0 0 0 0 0 0 0 0 0 0 0 0 0 0 0 0 0 0 0 0 0
0 0 0 0 0 0 0 0 0 0 0 0 0 0 0 0 0 0 0 0 0 0 0 0 0 0 0 0 0 0 3 152 83 0 0 0 0 0 0 0 0 0 0 0 0 0 0 0 0 0 0 0 0 0 0 0 0 0 0 0 0 0 0 0 0 0 0 0 0 0
33 33 42 42 43 43 43 38 58 50 63 78 82 74 76 94 128 95 150 143 118 115 101 104 145 133 172 139 146 136 158 123 139 147 166 111 112 104 117 117 98 98 100 100 85 85 83 83 78 78 82 82 91 91 97 97 97 97 77 77 77 77 78 78 78 78 70 70 70 70
0 0 0 0 88 88 0 78 16 14 0 0 0 0 0 0 0 0 0 0 0 0 0 0 12 2 4 0 0 0 9 0 0 0 9 5 10 29 6 6 10 10 28 28 55 55 59 59 102 102 125 125 91 91 135 135 135 135 59 59 59 59 67 67 67 67 88 88 88 88
79 79 93 93 88 88 89 93 99 91 91 88 86 74 99 93 120 146 147 118 132 132 142 122 132 131 172 174 169 133 158 117 157 147 135 123 163 150 138 138 116 116 111 111 106 106 93 93 86 86 89 89 95 95 92 92 92 92 104 104 104 104 87 87 87 87 85 85 85 85
0 0 0 0 0 0 0 0 0 0 0 0 0 0 0 0 0 0 0 0 0 0 0 0 0 150 132 25 0 0 0 0 0 0 0 0 0 0 0 0 0 0 0 0 0 0 0 0 0 0 0 0 0 0 0 0 0 0 0 0 0 0 0 0 0 0 0 0 0 0
0 0 0 0 0 0 0 0 0 0 0 0 0 1 6 5 2 15 24 28 85 103 69 99 112 125 95 41 56 4 6 14 20 14 21 10 3 0 0 0 0 0 1 1 17 17 28 28 35 35 39 39 50 50 43 43 43 43 75 75 75 75 45 45 45 45 50 50 50 50
0 0 0 0 0 0 0 0 0 0 0 0 0 0 0 0 6 66 112 158 80 125 56 33 15 0 0 0 0 0 0 0 0 0 0 0 0 0 0 0 0 0 0 0 0 0 0 0 0 0 0 0 0 0 0 0 0 0 0 0 0 0 0 0 0 0 0 0 0 0
10 10 6 6 4 4 23 16 22 20 20 45 29 26 17 35 57 50 23 22 27 28 33 29 33 48 37 31 54 92 58 66 79 78 122 93 54 64 82 82 79 79 90 90 90 90 100 100 104 104 118 118 109 109 104 104 104 104 136 136 136 136 134 134 134 134 87 87 87 87
51 51 41 41 53 53 55 50 56 37 31 43 44 38 53 42 53 59 52 115 75 41 60 111 120 131 138 121 90 70 75 67 160 169 134 135 149 86 98 98 122 122 107 107 85 85 96 96 104 104 128 128 139 139 183 183 183 183 129 129 129 129 78 78 78 78 68 68 68 68
0 0 0 0 0 0 0 0 0 0 0 0 0 0 0 0 0 0 0 0 0 0 3 124 159 27 20 24 0 0 0 0 0 0 0 0 0 0 0 0 0 0 0 0 0 0 0 0 0 0 0 0 0 0 0 0 0 0 0 0 0 0 0 0 0 0 0 0 0 0
0 0 0 0 0 0 0 0 0 0 0 0 0 0 0 0 0 0 0 0 0 0 0 0 0 0 0 0 0 0 0 22 12 41 139 82 26 12 0 0 14 14 5 5 0 0 0 0 0 0 0 0 0 0 0 0 0 0 0 0 0 0 0 0 0 0 0 0 0 0
17 17 11 11 19 19 1 0 0 0 0 0 0 0 3 10 17 18 7 0 2 0 0 0 0 0 0 0 0 0 0 0 2 19 24 41 46 55 17 17 81 81 103 103 153 153 141 141 155 155 141 141 184 184 139 139 139 139 63 63 63 63 9 9 9 9 0 0 0 0
54 54 28 28 2 2 2 121 96 77 47 41 0 0 1 0 2 34 0 17 102 48 67 0 0 2 0 0 0 37 127 9 95 19 40 31 29 19 25 25 24 24 72 72 97 97 132 132 59 59 34 34 57 57 85 85 85 85 86 86 86 86 14 14 14 14 0 0 0 0
0 0 0 0 0 0 0 0 4 48 145 140 132 118 77 60 88 52 26 17 7 0 0 0 0 0 0 0 0 0 0 0 0 0 0 0 0 0 0 0 0 0 0 0 0 0 0 0 0 0 0 0 0 0 0 0 0 0 0 0 0 0 0 0 0 0 0 0 0 0
46 46 43 43 37 37 48 35 45 43 54 45 51 53 72 47 85 60 59 43 46 47 54 61 54 71 79 70 89 77 102 58 84 61 53 55 89 77 86 86 93 93 76 76 91 91 102 102 126 126 150 150 172 172 186 186 186 186 169 169 169 169 113 113 113 113 57 57 57 57
0 0 0 0 0 0 0 0 0 0 0 0 0 0 0 0 0 0 0 0 0 0 12 112 199 133 5 0 0 0 0 0 0 0 0 0 0 0 0 0 0 0 0 0 0 0 0 0 0 0 0 0 0 0 0 0 0 0 0 0 0 0 0 0 0 0 0 0 0 0
0 0 3 3 0 0 0 0 55 53 0 0 0 0 0 5 6 7 1 0 12 0 0 0 0 24 121 64 100 14 0 0 45 174 100 138 100 117 95 95 44 44 50 50 100 100 78 78 0 0 0 0 0 0 0 0 0 0 0 0 0 0 0 0 0 0 0 0 0 0
0 0 0 0 0 0 0 0 0 0 0 0 0 0 0 0 0 0 0 0 0 0 0 0 0 0 3 139 97 70 73 0 0 0 0 0 0 0 0 0 0 0 0 0 0 0 0 0 0 0 0 0 0 0 0 0 0 0 0 0 0 0 0 0 0 0 0 0 0 0
0 0 0 0 52 52 39 133 145 65 111 127 80 93 83 53 43 16 11 5 1 19 0 4 9 18 24 10 31 4 48 27 85 51 43 67 77 68 106 106 107 107 157 157 106 106 114 114 80 80 83 83 59 59 11 11 11 11 5 5 5 5 8 8 8 8 79 79 79 79
0 0 0 0 0 0 0 0 0 0 0 0 0 0 0 0 0 0 0 0 0 0 0 0 155 196 64 33 0 0 0 0 0 0 0 140 53 0 0 0 0 0 0 0 0 0 0 0 0 0 0 0 0 0 0 0 0 0 0 0 0 0 0 0 0 0 0 0 0 0
0 0 0 0 0 0 0 0 0 0 0 0 0 0 0 0 0 0 0 0 0 116 155 67 13 0 0 0 0 0 0 0 0 0 0 0 0 0 0 0 0 0 0 0 0 0 0 0 0 0 0 0 0 0 0 0 0 0 0 0 0 0 0 0 0 0 0 0 0 0
0 0 0 0 0 0 0 0 0 0 0 0 0 0 0 0 0 0 0 0 0 0 17 109 150 136 183 183 174 150 162 147 169 134 170 139 150 148 161 161 146 146 157 157 141 141 157 157 129 129 123 123 134 134 136 136 136 136 148 148 148 148 129 129 129 129 118 118 118 118
0 0 0 0 0 0 0 0 0 0 0 0 0 0 0 0 0 0 0 0 0 0 0 0 186 50 0 18 53 22 18 21 16 3 0 0 5 0 0 0 0 0 0 0 0 0 0 0 0 0 0 0 0 0 0 0 0 0 0 0 0 0 0 0 0 0 0 0 0 0
13 13 30 30 22 22 22 0 19 47 28 0 19 18 17 5 16 29 45 12 33 37 75 183 149 126 50 61 43 92 57 84 91 108 95 3 0 0 0 0 0 0 0 0 0 0 0 0 0 0 0 0 1 1 0 0 0 0 0 0 0 0 0 0 0 0 0 0 0 0
29 29 36 36 37 37 34 31 39 38 34 35 37 43 43 39 44 41 55 43 45 44 64 63 84 68 87 94 89 64 81 82 93 87 106 90 102 99 133 133 129 129 126 126 121 121 108 108 98 98 94 94 114 114 136 136 136 136 164 164 164 164 138 138 138 138 103 103 103 103
0 0 0 0 0 0 0 0 0 0 0 0 0 0 0 0 0 0 0 0 0 0 0 0 0 0 0 0 0 0 0 167 0 0 0 0 0 0 0 0 0 0 0 0 0 0 0 0 0 0 0 0 0 0 0 0 0 0 0 0 0 0 0 0 0 0 0 0 0 0
0 0 0 0 0 0 0 0 0 0 0 0 0 0 0 0 33 46 45 43 72 82 166 129 140 45 31 9 11 18 0 0 0 0 0 0 0 0 0 0 0 0 0 0 0 0 0 0 0 0 0 0 0 0 0 0 0 0 0 0 0 0 0 0 0 0 0 0 0 0
0 0 0 0 0 0 0 0 0 0 0 0 0 0 7 8 47 17 59 62 23 60 66 80 67 133 107 85 57 41 35 23 61 36 26 39 68 27 22 22 20 20 6 6 2 2 12 12 19 19 18 18 52 52 52 52 52 52 21 21 21 21 24 24 24 24 2 2 2 2
0 0 0 0 0 0 0 0 0 0 0 0 0 0 0 0 0 0 0 0 0 0 0 0 0 0 0 0 0 0 0 0 0 0 0 0 0 57 66 66 85 85 132 132 88 88 65 65 35 35 0 0 0 0 0 0 0 0 0 0 0 0 0 0 0 0 0 0 0 0
0 0 0 0 0 0 0 0 0 0 0 0 0 0 0 0 0 0 0 0 0 0 0 0 0 0 0 0 0 0 0 150 87 18 29 59 0 0 0 0 0 0 0 0 0 0 0 0 0 0 0 0 0 0 0 0 0 0 0 0 0 0 0 0 0 0 0 0 0 0
0 0 0 0 27 27 73 52 71 69 120 85 86 118 116 100 162 164 91 85 126 81 78 49 65 67 59 57 97 41 26 10 12 0 0 0 0 0 0 0 0 0 0 0 0 0 0 0 0 0 0 0 0 0 0 0 0 0 0 0 0 0 0 0 0 0 0 0 0 0
0 0 0 0 0 0 0 0 0 0 0 0 0 0 0 0 0 0 0 0 29 76 173 141 102 152 155 153 91 94 102 47 52 78 51 37 16 21 19 19 6 6 15 15 0 0 5 5 6 6 15 15 17 17 14 14 14 14 31 31 31 31 20 20 20 20 7 7 7 7
0 0 0 0 0 0 0 0 0 0 0 0 0 0 0 0 0 0 0 0 0 0 0 0 4 40 150 125 92 38 34 56 43 52 44 29 41 48 58 58 81 81 67 67 65 65 96 96 57 57 40 40 43 43 44 44 44 44 40 40 40 40 2 2 2 2 0 0 0 0
0 0 0 0 0 0 0 0 0 0 0 0 0 0 0 0 0 0 0 0 0 14 91 65 19 0 0 0 0 36 34 26 0 0 0 22 61 171 126 126 5 5 7 7 19 19 1 1 0 0 0 0 0 0 0 0 0 0 0 0 0 0 0 0 0 0 0 0 0 0
0 0 0 0 0 0 0 0 0 0 0 0 0 0 0 0 0 0 0 0 0 0 0 0 0 0 0 0 0 0 15 71 161 178 40 9 0 0 0 0 0 0 0 0 0 0 0 0 0 0 0 0 0 0 0 0 0 0 0 0 0 0 0 0 0 0 0 0 0 0
0 0 0 0 0 0 0 0 0 0 0 0 0 0 0 0 0 0 0 0 0 0 0 0 76 129 119 93 153 85 5 0 0 0 0 0 0 0 0 0 0 0 0 0 0 0 0 0 0 0 0 0 0 0 0 0 0 0 0 0 0 0 0 0 0 0 0 0 0 0
0 0 0 0 0 0 0 0 0 0 0 0 0 0 0 0 0 0 0 0 0 0 0 0 0 0 0 0 0 0 0 0 0 0 0 0 0 0 0 0 0 0 0 0 15 15 0 0 82 82 151 151 0 0 38 38 38 38 120 120 120 120 190 190 190 190 16 16 16 16
0 0 0 0 0 0 0 0 0 0 0 0 0 0 0 0 0 0 0 99 53 41 101 162 188 57 53 42 33 34 20 0 1 0 0 0 0 0 0 0 0 0 0 0 0 0 0 0 0 0 0 0 0 0 0 0 0 0 0 0 0 0 0 0 0 0 0 0 0 0
5 5 11 11 15 15 10 13 36 56 25 37 49 48 42 61 109 83 71 139 86 94 117 54 147 117 46 66 51 48 35 28 55 53 44 37 39 60 57 57 36 36 53 53 40 40 30 30 12 12 12 12 25 25 58 58 58 58 36 36 36 36 31 31 31 31 39 39 39 39
0 0 0 0 0 0 0 0 0 0 0 0 0 0 0 0 0 0 0 0 0 0 0 0 0 0 88 89 75 92 87 80 132 116 86 81 79 58 68 68 33 33 3 3 0 0 0 0 0 0 0 0 0 0 0 0 0 0 0 0 0 0 0 0 0 0 0 0 0 0
46 46 23 23 6 6 0 0 0 0 0 0 0 0 0 0 0 0 0 0 0 0 2 0 11 15 13 32 67 129 181 112 143 162 123 59 120 90 76 76 72 72 79 79 61 61 28 28 7 7 31 31 22 22 44 44 44 44 82 82 82 82 20 20 20 20 0 0 0 0
0 0 0 0 0 0 0 0 0 0 0 0 0 0 0 0 0 5 182 5 0 0 0 98 89 78 11 0 0 0 0 0 0 0 0 0 0 0 0 0 0 0 0 0 0 0 0 0 0 0 0 0 0 0 0 0 0 0 0 0 0 0 0 0 0 0 0 0 0 0
0 0 0 0 0 0 0 0 0 0 0 0 0 0 0 0 0 0 0 0 0 3 8 28 60 47 49 24 27 105 144 21 0 0 0 0 0 0 0 0 0 0 0 0 0 0 0 0 0 0 0 0 0 0 0 0 0 0 0 0 0 0 0 0 0 0 0 0 0 0
0 0 0 0 0 0 0 0 0 0 0 0 0 0 0 0 0 0 0 0 0 0 0 0 0 0 0 0 0 0 5 134 0 0 0 0 0 0 0 0 0 0 0 0 0 0 0 0 0 0 0 0 0 0 0 0 0 0 0 0 0 0 0 0 0 0 0 0 0 0
0 0 0 0 0 0 0 0 0 0 0 0 0 0 0 0 0 0 0 0 0 0 0 51 93 90 99 97 100 111 104 103 131 92 107 92 86 94 108 108 100 100 94 94 87 87 92 92 99 99 95 95 87 87 88 88 88 88 96 96 96 96 79 79 79 79 70 70 70 70
0 0 0 0 0 0 0 0 0 0 0 0 0 0 0 0 0 0 0 5 1 0 15 135 116 170 93 74 0 0 0 0 0 0 0 0 0 0 0 0 0 0 0 0 0 0 0 0 0 0 0 0 0 0 0 0 0 0 0 0 0 0 0 0 0 0 0 0 0 0
0 0 0 0 3 3 22 38 2 38 10 14 0 2 25 48 20 24 15 42 153 93 116 92 120 71 42 0 18 42 14 0 24 44 58 64 13 15 11 11 13 13 15 15 2 2 0 0 2 2 0 0 0 0 0 0 0 0 0 0 0 0 0 0 0 0 0 0 0 0
0 0 0 0 0 0 0 0 0 0 0 0 0 0 0 0 0 0 0 0 7 0 0 0 0 0 0 0 143 0 0 0 0 0 0 0 0 0 0 0 0 0 0 0 0 0 0 0 0 0 0 0 0 0 0 0 0 0 0 0 0 0 0 0 0 0 0 0 0 0
51 51 59 59 66 66 77 96 102 138 137 123 118 126 188 164 169 161 168 144 165 146 140 144 126 156 146 158 120 127 148 151 163 188 184 167 113 145 131 131 123 123 140 140 134 134 115 115 114 114 125 125 151 151 122 122 122 122 133 133 133 133 84 84 84 84 78 78 78 78
0 0 0 0 0 0 0 0 0 0 0 0 0 0 0 0 2 1 0 15 30 32 47 27 39 40 52 49 61 53 56 74 88 93 132 128 114 154 138 138 118 118 111 111 77 77 60 60 55 55 78 78 60 60 46 46 46 46 35 35 35 35 29 29 29 29 34 34 34 34
0 0 0 0 0 0 0 0 0 0 0 0 0 0 0 0 0 0 0 0 0 0 0 0 0 0 0 0 0 0 53 173 127 95 65 29 23 3 0 0 0 0 0 0 0 0 0 0 0 0 0 0 0 0 0 0 0 0 0 0 0 0 0 0 0 0 0 0 0 0
13 13 0 0 0 0 0 0 63 0 0 0 0 19 37 0 1 27 137 87 2 11 39 58 109 41 7 6 49 24 26 9 8 17 24 18 53 2 0 0 12 12 11 11 0 0 0 0 0 0 6 6 0 0 0 0 0 0 40 40 40 40 0 0 0 0 4 4 4 4
0 0 0 0 0 0 0 0 0 0 0 0 0 0 0 0 0 0 0 0 0 12 23 15 21 26 56 143 164 166 153 127 92 118 77 104 69 54 88 88 50 50 48 48 58 58 60 60 53 53 54 54 65 65 46 46 46 46 42 42 42 42 22 22 22 22 12 12 12 12
39 39 20 20 0 0 11 47 110 66 85 0 0 0 0 0 19 38 16 0 0 0 2 0 33 15 0 1 69 167 164 105 54 45 58 26 24 13 24 24 41 41 37 37 7 7 9 9 12 12 0 0 1 1 25 25 25 25 41 41 41 41 0 0 0 0 0 0 0 0
0 0 0 0 0 0 0 0 0 0 0 0 0 0 0 0 0 0 0 0 0 0 0 0 0 0 0 0 0 0 0 133 0 0 0 0 0 0 0 0 0 0 0 0 0 0 0 0 0 0 0 0 0 0 0 0 0 0 0 0 0 0 0 0 0 0 0 0 0 0
0 0 14 14 0 0 0 0 0 16 49 0 0 0 0 0 0 10 36 0 0 0 0 0 29 165 160 158 141 153 108 60 57 42 58 10 0 0 20 20 77 77 94 94 109 109 91 91 36 36 39 39 0 0 0 0 0 0 8 8 8 8 0 0 0 0 0 0 0 0
0 0 0 0 0 0 0 0 0 0 0 0 0 0 0 0 0 0 0 0 0 0 0 0 0 0 0 0 0 0 188 75 0 0 0 0 0 0 0 0 0 0 0 0 0 0 0 0 0 0 0 0 0 0 0 0 0 0 0 0 0 0 0 0 0 0 0 0 0 0
0 0 0 0 0 0 0 0 0 0 0 0 0 0 0 0 0 0 0 0 0 0 0 0 0 0 0 0 49 127 191 121 0 0 0 0 0 0 0 0 0 0 0 0 0 0 0 0 0 0 0 0 0 0 0 0 0 0 0 0 0 0 0 0 0 0 0 0 0 0
0 0 0 0 0 0 0 0 0 0 0 0 0 0 0 0 0 0 0 115 157 95 201 59 47 0 0 0 0 0 0 0 0 0 0 0 0 0 0 0 0 0 0 0 0 0 0 0 0 0 0 0 0 0 0 0 0 0 0 0 0 0 0 0 0 0 0 0 0 0
0 0 0 0 0 0 0 0 0 0 0 0 0 0 0 0 0 0 0 18 105 77 109 59 67 94 152 138 139 118 116 71 100 90 66 56 5 23 72 72 8 8 0 0 0 0 0 0 0 0 0 0 0 0 0 0 0 0 0 0 0 0 0 0 0 0 0 0 0 0
0 0 0 0 0 0 0 0 0 0 0 0 0 0 0 0 0 0 0 0 0 0 0 0 0 0 0 0 0 121 0 145 0 0 0 0 0 0 0 0 0 0 0 0 0 0 0 0 0 0 0 0 0 0 0 0 0 0 0 0 0 0 0 0 0 0 0 0 0 0
0 0 0 0 0 0 0 0 0 0 0 0 0 0 0 0 0 0 0 0 30 160 130 61 7 0 0 0 0 0 0 0 0 0 0 0 0 0 0 0 0 0 0 0 0 0 0 0 0 0 0 0 0 0 0 0 0 0 0 0 0 0 0 0 0 0 0 0 0 0
0 0 0 0 0 0 0 0 0 0 0 0 0 0 0 0 0 0 0 0 0 0 0 0 18 49 31 147 156 159 96 101 96 139 199 203 161 91 71 71 48 48 88 88 40 40 53 53 36 36 11 11 0 0 0 0 0 0 0 0 0 0 0 0 0 0 0 0 0 0
81 81 104 104 96 96 126 116 116 127 138 136 150 148 146 188 193 150 148 131 151 129 172 147 167 124 131 129 146 142 129 100 108 103 101 115 95 101 125 125 126 126 96 96 96 96 94 94 113 113 90 90 105 105 115 115 115 115 115 115 115 115 112 112 112 112 99 99 99 99
0 0 0 0 0 0 0 0 0 0 0 0 0 0 0 0 60 80 136 177 166 188 177 179 199 204 178 194 182 166 190 166 178 162 150 161 177 161 147 147 156 156 156 156 156 156 148 148 138 138 133 133 148 148 156 156 156 156 147 147 147 147 141 141 141 141 122 122 122 122
0 0 0 0 0 0 0 0 0 0 0 0 0 0 0 0 0 0 0 0 0 0 0 0 0 0 0 0 0 0 0 194 0 0 0 0 0 0 0 0 0 0 0 0 0 0 0 0 0 0 0 0 0 0 0 0 0 0 0 0 0 0 0 0 0 0 0 0 0 0
0 0 0 0 0 0 0 0 0 0 0 0 0 0 0 0 0 0 0 0 0 0 0 0 0 0 0 0 0 0 19 161 0 0 0 0 0 0 0 0 0 0 0 0 0 0 0 0 0 0 0 0 0 0 0 0 0 0 0 0 0 0 0 0 0 0 0 0 0 0
0 0 0 0 0 0 0 0 0 0 0 0 0 0 0 0 0 0 0 0 0 0 0 0 0 0 0 0 0 0 0 146 0 0 0 0 0 0 0 0 0 0 0 0 0 0 0 0 0 0 0 0 0 0 0 0 0 0 0 0 0 0 0 0 0 0 0 0 0 0
13 13 22 22 0 0 0 18 32 13 50 24 3 0 0 32 68 38 46 12 0 0 0 15 39 18 46 13 10 0 9 21 36 38 58 36 41 13 43 43 81 81 130 130 118 118 121 121 124 124 161 161 161 161 119 119 119 119 79 79 79 79 31 31 31 31 44 44 44 44
19 19 14 14 15 15 24 34 53 21 24 9 17 18 17 9 35 18 32 15 13 11 14 14 25 40 41 47 42 31 30 32 46 43 80 137 76 37 61 61 42 42 56 56 91 91 71 71 46 46 46 46 31 31 39 39 39 39 111 111 111 111 111 111 111 111 51 51 51 51
0 0 0 0 0 0 0 0 0 0 0 0 0 0 0 0 0 0 0 0 53 146 135 97 60 27 0 0 0 0 0 0 0 0 0 0 0 0 0 0 0 0 0 0 0 0 0 0 0 0 0 0 0 0 0 0 0 0 0 0 0 0 0 0 0 0 0 0 0 0
0 0 0 0 0 0 0 0 0 0 10 167 26 6 22 17 35 0 0 6 20 39 6 28 38 32 13 13 15 19 24 14 3 13 13 31 29 42 25 25 17 17 22 22 44 44 67 67 50 50 73 73 62 62 64 64 64 64 65 65 65 65 47 47 47 47 15 15 15 15
47 47 22 22 26 26 21 23 24 27 34 39 26 21 52 37 38 60 67 57 48 61 65 84 57 138 158 115 91 56 80 52 60 106 107 126 87 88 52 52 57 57 71 71 75 75 64 64 64 64 89 89 106 106 69 69 69 69 75 75 75 75 36 36 36 36 13 13 13 13
